MO NDVI TWI Tmed LS_Factor PPmed EPTmed Pendiente Altura LC_Bosques LC_CultivosAnuales x y
6.23 0.4594 10.5990047454834 19.2998218536377 3.18722248077393 948 371.455555555556 15.7716035842896 1475.92999267578 0 0 4310492.64980564 6517711.01147682
5.5 0.565375 10.4202518463135 19.3767604827881 1.20623767375946 1032 498.661111111111 11.1328129768372 1206.48394775391 0.5144 0 4357124.10997846 6576685.04614642
5.48 0.532733333333333 13.079704284668 21.1046600341797 0.223822236061096 1128 499.772222222222 5.6875786781311 741.190368652344 0.1016 0 4357742.46141837 6535684.27058775
5.25 0.54845 13.7376670837402 21.813835144043 0.752829909324646 1104 430.505555555556 4.99798250198364 794.929748535156 0.2476 0 4326220.72884427 6359045.54867642
5.03 0.40775 17.9833316802979 21.6104145050049 0.0392001904547215 1101.298828125 436.727777777778 1.09569045901299 556.762176513672 0 0.9896 4398031.29703257 6597114.86129909
4.89 0.481066666666667 18.4078712463379 23.4319438934326 0.164116829633713 867.327087402344 375.011111111111 2.6664137840271 580.941131591797 0 0 4355986.094422 6636919.0371563
4.82 0.621583333333333 16.6510162353516 23.5097789764404 0.151261761784554 996 500.394444444444 4.73187255859375 671.753387451172 0.9976 0 4304169.48187153 6460433.83644955
4.76 0.62565 12.0096740722656 20.2176551818848 2.14154386520386 1164.96765136719 563.872222222222 7.56599426269531 723.651580810547 0.362 0 4377903.12598503 6556981.99931217
4.68 0.420775 15.6399927139282 25.9283027648926 0.212342858314514 822.796752929688 244.855555555556 1.93942415714264 261.552917480469 0 0 4375787.34822863 6714974.09153749
4.67 0.6959 13.1994438171387 21.078950881958 4.03814697265625 1016.43432617188 558.344444444444 15.3192472457886 1089.41088867188 1 0 4316078.90636955 6475163.26261108
4.66 0.542275 18.2876682281494 23.7000007629395 0.00298754125833511 1128 430.922222222222 0.113219745457172 113.16283416748 0.0268 0.3812 4582828.92890786 6537403.0752841
4.58 0.4816 16.3013458251953 22.3316383361816 0.0557935498654842 962.52734375 448.277777777778 2.17241013050079 696.164611816406 0 0 4400469.91670387 6674494.9602649
4.48 0.60035 17.9173069000244 23.7999992370605 0.0128570916131139 1176.62353515625 477.233333333333 0.185410067439079 102.543357849121 0 0.4872 4603204.83030968 6577495.18275552
4.44 0.413918181818182 17.9142990112305 22.8999996185303 0.000114581307570916 1270.24963378906 397.906 0.3184654712677 107.769989013672 0 0 4584625.49962852 6335573.06889384
4.37 0.291063636363636 17.2177352905273 22.7999992370605 0.0688142627477646 1382.89294433594 456.477777777778 0.950155913829803 321.851837158203 0 0.768 4406142.2204235 6344329.32720299
4.33 0.6349625 13.9573554992676 20.2000007629395 1.87364649772644 1116 665.883333333333 4.76920819282532 686.519500732422 0.5784 0 4379599.04184242 6575073.23725756
4.32 0.4756 17.0212554931641 22.5315341949463 0.594088494777679 899.226440429688 434.922222222222 2.25761008262634 687.54296875 0 0 4356970.91006974 6628275.37719706
4.31 0.4637 17.6777305603027 22.6000003814697 0.0492061413824558 1383.84484863281 516.316666666667 0.536722779273987 418.828369140625 0.0268 0.8896 4383541.97249963 6341734.33164911
4.26 0.5006 16.0217456817627 22.8895053863525 0.386110961437225 996 407.416666666667 3.82141733169556 630.950347900391 0 0.2144 4414450.22193546 6692240.10559584
4.23 0.385575 18.3158683776855 22.3970050811768 0.0713325440883636 1204.37341308594 446.238888888889 0.959365606307983 398.857467651367 0 0.95 4408378.93763525 6560119.61848224
4.18 0.400833333333333 15.5487880706787 23.2700519561768 0.224993154406548 1024.66955566406 415.461111111111 1.49371874332428 456.514556884766 0 0.9068 4414875.58609537 6656688.52769543
4.17 0.418 15.999415397644 24.5441741943359 0.155404046177864 882.133666992188 283.427777777778 2.31500637531281 458.274169921875 0 0 4393504.03211137 6720564.24829953
4.1 0.4914 18.3113994598389 23.8999996185303 0.0073960404843092 1152 350.527777777778 0.115859672427177 107.485233306885 0 0.794 4563012.63980749 6574073.84838583
4.1 0.55894 14.8533849716187 22.0461673736572 0.156974822282791 996 479.716666666667 3.1111444234848 632.091094970703 0.1336 0 4397653.81499081 6637028.63187565
4.06 0.56165 14.4344711303711 21.3187351226807 0.342644035816193 1128 579.411111111111 3.79415202140808 861.665435791016 0.3072 0.0276 4338070.44649846 6377196.81471545
3.98 0.4172 18.2575645446777 23.2000007629395 0.000482700299471617 1236.96081542969 483.666666666667 0.1105787307024 113.614574432373 0 0.946 4562150.77980874 6417693.81574533
3.86 0.392557142857143 18.3545875549316 23.2999992370605 0.00418533384799957 1179.66638183594 405.461111111111 0.16436992585659 124.092071533203 0 1 4537119.39684839 6462518.02828308
3.81 0.51644 14.2861328125 23.1000003814697 1.11512792110443 1008 376.311111111111 3.89901840686798 621.734252929688 0 0 4429531.12860275 6713747.71945745
3.81 0.3985 17.7675457000732 23 0.0242594666779041 1249.51049804688 468.338888888889 0.285984963178635 114.374366760254 0 0.9556 4562531.21266922 6397522.04805859
3.78 0.430466666666667 18.6617221832275 23 0.00356298591941595 1201.83239746094 323.205555555556 0.204090267419815 198.603073120117 0 0.37 4481344.32035496 6455017.93069062
3.74 0.6586 11.3474264144897 21.0931053161621 2.37160110473633 1128 568.188888888889 9.19279670715332 851.907592773438 0.6964 0 4358435.2448137 6480191.74553405
3.72 0.3914 16.9190673828125 21.5188159942627 0.301633983850479 1212 432 1.34722638130188 533.944458007813 0 0.4972 4391713.8073299 6559215.14950402
3.69 0.53898 17.9494895935059 22.8999996185303 0.0181292872875929 1331.78576660156 405.216666666667 0.370196312665939 128.578964233398 0 0.3612 4515667.20803212 6260130.02153328
3.66 0.43355 18.5672779083252 23.2000007629395 2.13089497265173e-05 1200 354.211111111111 0.275247007608414 131.228057861328 0 0.99 4532257.93214935 6442731.34739427
3.64 0.5224 9.32827377319336 21.2149620056152 1.55349767208099 972 468.627777777778 25.1150379180908 973.334533691406 0.3908 0 4376990.83088953 6636814.62642621
3.6 0.4684 16.1035404205322 21.6774921417236 0.301360607147217 1177.2119140625 500.783333333333 2.0063145160675 641.855041503906 0 0.0684 4363517.29748657 6516097.28998504
3.59 0.424433333333333 17.9894847869873 25.4857654571533 0.202389493584633 804 236.277777777778 2.56106388568878 358.141876220703 0 0 4362017.30434739 6681834.45268312
3.58 0.3945 17.0033092498779 23.2000007629395 0.0520632937550545 947.879089355469 328.622222222222 2.04561996459961 651.0185546875 0 0 4409610.07832182 6717302.95340257
3.58 0.478544444444444 18.5595798492432 24.1000003814697 0.0130981169641018 1140 328.477777777778 0.247420117259026 92.0385437011719 0 0.332 4498859.00563916 6583522.69979489
3.49 0.363366666666667 18.174768447876 22.8999996185303 0.0282547194510698 1284 506.527777777778 0.238336525857449 117.150566101074 0 1 4545180.94235605 6335433.17766697
3.49 0.59615 18.5528831481934 24.6000003814697 0.0741914734244347 1058.51806640625 524.161111111111 0.482858568429947 127.247055053711 0.4936 0.0384 4454612.21807377 6651619.84889815
3.48 0.414425 18.249942779541 25.1000003814697 0.0185480434447527 1048.55090332031 264.711111111111 0.271338954567909 79.8776931762695 0 0.1904 4470460.49326632 6685632.4476055
3.41 0.52265 13.7537488937378 23.6763973236084 0.455707103013992 835.7119140625 379.638888888889 5.59764575958252 609.938842773438 0.0184 0 4302429.45336228 6573621.16524212
3.36 0.355318181818182 18.7862358093262 22.8999996185303 0.023780882358551 1216.94201660156 395.111111111111 0.285111770033836 325.56965637207 0 0.7732 4419384.51741067 6497499.92163245
3.35 0.475275 19.0937252044678 24 0.000964917126111686 1128 354.572222222222 0.152941070497036 81.9526824951172 0 0 4540148.54096116 6572989.52413611
3.34 0.54875 18.0909748077393 24.8999996185303 8.54917161632329e-05 1064.37438964844 396.638888888889 0.45409631729126 82.0744857788086 0.2672 0 4467080.59504289 6666535.07457779
3.31 0.497 17.3992652893066 22.7999992370605 0.0826722458004951 1332 444.944444444444 0.447923108935356 126.214252471924 0 0.6904 4521372.62586994 6242676.03484812
3.3 0.36038 17.4905700683594 22.8999996185303 0.0282740890979767 1344 474.044444444444 0.39736744761467 131.303611755371 0 0.9292 4502251.29639993 6229268.2211123
3.28 0.590575 9.89617347717285 20.1970844268799 1.81326162815094 1069.54772949219 564.611111111111 13.1412286758423 905.253845214844 0.31 0 4357403.36744635 6556658.50853177
3.26 0.354455555555556 16.2523918151855 22.2999992370605 0.241838917136192 1176 416.494444444445 1.85500752925873 557.167877197266 0 0.8356 4373249.49462389 6454695.73933672
3.26 0.462983333333333 18.007791519165 23.5 0.00150097080040723 1212 391.122222222222 0.598623335361481 129.573440551758 0 0.5344 4448384.38149721 6146354.22808805
3.25 0.62236 13.5609321594238 20.3075370788574 0.654840469360352 1091.38635253906 538.783333333333 5.458247423172 1094.44348144531 0.2716 0 4340057.96975433 6460058.98381812
3.22 0.414275 17.907751083374 23.1759605407715 0.145552650094032 1200 400.416666666667 0.747897028923035 221.596855163574 0 0.814 4456408.72771047 6528603.44869573
3.22 0.34938 16.8986911773682 22.7000007629395 0.230577528476715 1213.83288574219 323.322222222222 1.89736676216125 453.42106628418 0 0.6964 4378834.70949157 6477140.88721877
3.2 0.368442857142857 16.9579010009766 22.6000003814697 0.0585675314068794 1224 384.138888888889 1.57710683345795 473.193725585938 0.038 0.826 4378600.01302477 6497101.96688069
3.16 0.423728571428572 17.832405090332 23.3369827270508 0.138801038265228 1044 399.877777777778 0.911139726638794 412.990966796875 0 0.9176 4415583.8119388 6642650.94698413
3.16 0.6246 15.5113105773926 22.9897136688232 0.411566644906998 1002.25994873047 507.222222222222 5.68660306930542 535.182800292969 0.3288 0 4418018.06106218 6677113.78187182
3.14 0.4444 15.9944944381714 22.4987163543701 0.120948605239391 1176.79711914063 412.516666666667 1.2380907535553 511.300155639648 0 0.3828 4366397.2773989 6494713.06905098
3.11 0.4357 18.2279014587402 22.7999992370605 0.00820693839341402 1284 519.616666666667 0.129276886582375 117.376293182373 0 0.9664 4561099.94894459 6318362.15287026
3.11 0.53272 18.5053329467773 23.5 0.00205465173348784 1164 379.522222222222 0.160886041820049 116.236503601074 0 0.3172 4544391.87098221 6495132.01599589
3.11 0.5424 18.3537864685059 23 0.00603872071951628 1200 392.883333333333 0.1810043156147 182.036727905273 0 0.1968 4491395.23814171 6442928.41543764
3.1 0.630766666666667 18.1680126190186 23 0.00450694840401411 1212 451.411111111111 0.134580835700035 157.093811035156 0.0124 0.3848 4503838.76127404 6399761.58704656
3.09 0.4176 18.2012596130371 22.6258869171143 0.0879408568143845 1164 468.666666666667 0.836750984191895 356.118545532227 0.0048 0.6212 4414860.97871809 6576011.43354413
3.06 0.462266666666667 18.2043037414551 22.7999992370605 0.0151796722784638 1284 308.444444444444 0.434803873300552 237.562408447266 0 0.2212 4443055.07858507 6399137.79104824
3.01 0.386033333333333 18.2189540863037 23.087287902832 0.00804781075567007 1260 486.016666666667 0.62898114323616 90.6555404663086 0.02 0.818 4595703.78675819 6381000.93909188
3.01 0.445116666666667 18.82639503479 22.7999992370605 0.0131818186491728 1224.50659179688 461.15 0.359468951821327 432.905578613281 0 0.2944 4379307.69022961 6437217.11434986
3.01 0.48146 12.9879121780396 24.9225635528564 0.438640683889389 720 345.838888888889 1.92637228965759 456.153945922852 0.2144 0 4278671.74467985 6590995.56807806
3.01 0.30374 19.1455364227295 22.7017345428467 0.000297762366244569 1308 423.066666666667 0.289599999785423 282.140914916992 0 1 4436242.24683179 6422558.41498414
3 0.543014285714286 18.78586769104 24.5 0.055165521800518 1092.22985839844 538.833333333333 0.541545957326889 81.8338775634766 0 0.0056 4463002.36448566 6617742.60046462
3 0.459285714285714 19.3638877868652 23 0.242401048541069 1128 320.033333333333 1.16011512279511 332.968002319336 0 0.1404 4418207.73324824 6594414.75268561
3 0.392733333333333 17.8014297485352 23 0.0231421627104282 1260.84631347656 517.455555555556 0.424917951226234 107.363746643066 0 0.944 4584225.03309869 6398495.31543272
2.98 0.4328 18.9113864898682 23.2000007629395 0.0367137342691422 1252.6416015625 385.955555555556 0.118862748146057 81.3505821228027 0 0 4596575.75858172 6391039.09673393
2.98 0.458875 19.1071853637695 24 0.0125686815008521 1136.42053222656 336.827777777778 0.226312071084976 119.166870117188 0 0.9992 4459935.14892304 6581953.57301207
2.98 0.297363636363636 16.5508823394775 22.2070503234863 0.00887959823012352 1171.78662109375 423.227777777778 0.530042380094528 631.207580566406 0 0.9524 4359964.35267981 6413246.02893112
2.98 0.3576 18.5308628082275 22.8999996185303 0.00385762238875031 1260 480.011111111111 0.119416773319244 106.760406494141 0 0.972 4601838.86975174 6344598.73542156
2.97 0.34805 17.9156246185303 22.2999992370605 0.0550901517271996 1164.25634765625 448.516666666667 1.25404274463654 626.710021972656 0 0.9076 4338693.32186026 6339437.49031174
2.94 0.34183 18.0779972076416 22.8997764587402 0.035067543387413 1224 356.733333333333 0.453281730413437 326.241119384766 0 0.9244 4418788.18583517 6518467.53053719
2.94 0.4379 17.308536529541 24.0380210876465 0.0531909689307213 1104 318.844444444444 0.820274591445923 193.532363891602 0 0.7748 4439090.02161523 6617383.35033121
2.94 0.3974 18.7524700164795 23 0.000903263106010854 1260 394.25 0.0944647341966629 108.976535797119 0 0.82 4561312.48060997 6377572.58993662
2.94 0.3687 18.0566692352295 23.4993000030518 0.227738186717033 1092.51025390625 355.2 1.64054423570633 301.232635498047 0 0.8748 4423636.31601581 6616820.71225155
2.94 0.47475 17.1242275238037 24.7457580566406 0.112444959580898 792 346.583333333333 1.57918930053711 415.945434570313 0.0056 0 4339423.16029519 6636760.61131975
2.93 0.46595 18.8765068054199 23.2000007629395 0.033741906285286 1188 401.45 0.34836383163929 173.567367553711 0 0.6704 4493623.69485434 6469825.26214359
2.93 0.38545 16.6116828918457 22.2999992370605 0.189887925982475 1239.63977050781 362.127777777778 1.14792931079865 504.492202758789 0 0.8016 4379864.75747993 6514405.6311082
2.91 0.48158 19.2461090087891 23.7000007629395 0.00134221604093909 1140 349.272222222222 0.103320315480232 102.764808654785 0.046 0.7788 4540796.08820768 6533993.33429984
2.9 0.472 18.1860961914063 22.9089508056641 0.025335106998682 1200 372.322222222222 0.430433660745621 195.936042785645 0 0.018 4480709.20625287 6417956.55972434
2.89 0.36741 17.899787902832 22.5995273590088 1.94567637663567e-05 1272 449.427777777778 0.591792821884155 494.24560546875 0 0.8908 4360241.31076826 6339870.08173037
2.86 0.5204125 18.0286197662354 23 0.00334884994663298 1344 349.772222222222 0.974852383136749 127.094596862793 0 0 4501314.52336461 6200560.25265372
2.83 0.34095 18.4042930603027 22.3999996185303 0.0428096018731594 1306.26037597656 486.055555555556 0.621188998222351 513.050750732422 0.0096 0.3288 4371560.95046074 6362022.68086793
2.83 0.348083333333333 17.9757308959961 22.8999996185303 0.0317121706902981 1248 480.372222222222 0.313905194401741 130.744537353516 0 1 4523672.63120101 6375094.68250368
2.81 0.469075 17.759786605835 24.1213092803955 0.214893773198128 960 413.983333333333 1.61138474941254 563.084106445313 0.508 0 4295345.60206181 6437580.00814427
2.8 0.4399 16.7442207336426 21.9990043640137 3.37859364663018e-06 900 330.866666666667 2.19605255126953 919.008972167969 0 0 4299078.48183477 6537230.52856867
2.78 0.578333333333333 18.2406368255615 24.1000003814697 0.013644459657371 1176 404.311111111111 0.123049147427082 97.9894561767578 0 0.3084 4587536.21615763 6615883.74153549
2.78 0.418133333333333 18.2954902648926 22.7890300750732 0.0112136323004961 1272 481.45 0.186769962310791 114.923316955566 0.002 0.9124 4580658.26821764 6317729.48150521
2.77 0.426833333333333 18.2367877960205 23.1000003814697 0.00238187029026449 1212.9892578125 448.933333333333 0.18779855966568 123.062526702881 0 1 4541761.72313979 6421617.98634723
2.76 0.374075 16.0784645080566 21.7999992370605 0.0918560326099396 1093.22521972656 407.8 1.27364504337311 765.793151855469 0 0.8864 4323181.00775446 6333509.00881288
2.76 0.25915 18.8127136230469 22.8627948760986 0.0522887594997883 1260 412.061111111111 0.473138749599457 319.294830322266 0 0.9328 4420230.18315517 6480873.45259775
2.73 0.45115 18.9193477630615 22.8999996185303 0.0196268800646067 1230.19738769531 481.377777777778 0.206551261246204 136.778831481934 0.0696 0.9304 4521624.73535914 6394650.07931998
2.72 0.42681 17.9334583282471 22.7000007629395 0.0424640960991383 1296 455.816666666667 0.321262717247009 122.383522033691 0 0.8436 4561851.46280824 6278282.18518587
2.71 0.3599 16.9386692047119 21.5119514465332 0.366658687591553 1020 467.483333333333 2.36235785484314 719.1669921875 0 0.8384 4382566.15157828 6619634.25750326
2.71 0.53585 18.2865715026855 23.7999992370605 0.00215846323408186 1146.75598144531 428.583333333333 0.110096104443073 109.358825683594 0 0.9376 4584353.67604134 6553157.58176283
2.7 0.5073625 18.498104095459 22.8999996185303 0.00142558664083481 1243.01550292969 419.844444444444 0.242148913443089 174.032379150391 0.0972 0.5676 4477014.38370759 6378651.67485876
2.7 0.361485714285714 18.0350799560547 22.7000007629395 0.00944283325225115 1248 417.144444444444 0.546206504106522 377.539886474609 0 0.7684 4402075.10105639 6516730.08559544
2.69 0.426116666666667 17.8982162475586 22.8518924713135 0.0819002166390419 1365.18908691406 504.455555555556 0.482840329408646 267.955993652344 0 0.886 4417884.30471304 6327241.81283753
2.69 0.4254 18.6594200134277 23.7000007629395 0.00853148009628057 1152.17858886719 307.994444444444 0.1771539747715 117.054878234863 0 0.4176 4518989.24509746 6539732.76537974
2.69 0.4103 17.8742160797119 21.6104145050049 0.0519543886184692 1152.95520019531 427.605555555556 0.908970892429352 510.806777954102 0.108 0.7984 4398221.54894969 6577157.17409965
2.68 0.572116666666667 18.1078071594238 22.7000007629395 0.00177426391746849 1306.41662597656 470.472222222222 0.75666356086731 125.767631530762 0 0.7532 4548253.91556564 6259646.99505678
2.67 0.459028571428572 15.4665422439575 23 0.308851778507233 864 386.011111111111 3.8250640630722 706.422088623047 0 0 4299674.00005109 6554684.92461112
2.67 0.4842 14.4782857894897 23.7733860015869 0.423604279756546 948 383.15 3.0165741443634 674.437561035156 0.1152 0 4294925.14918965 6476309.26796615
2.67 0.4332 15.1394100189209 22.354772567749 0.492069214582443 1067.05590820313 409.205555555556 2.70121264457703 516.129089355469 0 0.6004 4401660.56286841 6617107.45161642
2.66 0.34771 18.3163433074951 22.8999996185303 0.0126493107527494 1263.50012207031 507.666666666667 0.245922923088074 113.068584442139 0 0.894 4548174.70414148 6374504.87778267
2.66 0.3815 18.913610458374 24.1000003814697 0.0144638670608401 1152 326.533333333333 0.268727704882622 113.456436157227 0 0.916 4478327.46176725 6582006.801458
2.66 0.42756 19.1701126098633 23.2999992370605 0.0110725248232484 1188 362.194444444444 0.167170032858849 178.266128540039 0 0.9744 4479432.57627226 6521203.76340698
2.66 0.341985714285714 17.9254684448242 22.7999992370605 0.015650037676096 1296 495.016666666667 0.400692462921143 123.632797241211 0 0.796 4541076.55371991 6295811.24415128
2.65 0.3178875 19.3248443603516 25.2348957061768 0.175457298755646 782.213684082031 295.466666666667 1.28103637695313 369.204376220703 0 0 4326084.22317287 6629013.87712603
2.65 0.33422 18.6695461273193 23.1000003814697 0.0176220405846834 1200 397.906 0.349759563803673 248.600997924805 0 0.9432 4439463.79635112 6535391.97619804
2.63 0.362 18.2228126525879 23.1000003814697 0.132112622261047 1245.29345703125 515.227777777778 0.343267977237701 346.125885009766 0 0.8128 4367971.01642664 6297784.32210234
2.63 0.60386 18.5502967834473 23.8999996185303 0.00485731149092317 1176 455.155555555556 0.103125408291817 99.7754745483398 0 0.76 4589844.1207791 6593603.25500221
2.63 0.38275 18.9923934936523 24.2000007629395 0.087370403110981 1068.03845214844 380.605555555556 0.688476353883743 272.826690673828 0 1 4433462.22933027 6656863.39305187
2.62 0.4368 18.7472610473633 25.5961856842041 0.0144492220133543 733.048278808594 292.144444444444 0.532293558120728 322.859359741211 0.0932 0 4303161.06405092 6621253.76634214
2.6 0.4306 16.6931533813477 23 0.163195312023163 1260 446.461111111111 1.22362285852432 101.856647491455 0 0.99 4601178.94540925 6353952.92245553
2.6 0.3857 18.0274753570557 23 0.011989688500762 1272 453.822222222222 0.228437945246696 112.844520568848 0 0.6984 4581953.15245004 6377343.139654
2.59 0.4789 12.7231578826904 24.0394916534424 0.330730229616165 744 285 7.33542394638062 669.419067382813 0.304 0 4273905.35375219 6573758.96818113
2.56 0.44115 19.9664154052734 26.1000003814697 0.0150693310424685 804 268.933333333333 0.451180219650269 238.124160766602 0.02 0 4365332.92227291 6696621.36907666
2.55 0.374342857142857 18.6421318054199 22.8999996185303 0.0085561815649271 1248 419.316666666667 0.228000797331333 276.863128662109 0 1 4437172.22915361 6476807.00317178
2.55 0.5255 13.0494413375854 25.7442512512207 0.692508578300476 804 362.355555555556 2.97854924201965 379.538528442383 0.9424 0 4270440.34678929 6514063.55181958
2.51 0.557766666666667 17.6116962432861 23.6000003814697 0.0113861504942179 1164 441.911111111111 0.433709233999252 165.21354675293 0.038 0.842 4462460.67306304 6557610.99899188
2.51 0.526175 14.8329982757568 21.7042751312256 2.50222206115723 1128 497.111111111111 6.80666637420654 682.536804199219 0.018 0 4364805.74388892 6456978.67267
2.51 0.49055 17.1484470367432 23.6685905456543 0.102944113314152 828 281.733333333333 0.637055575847626 561.505249023438 0.7972 0 4318650.24276451 6593415.11683505
2.51 0.542483333333333 15.3962430953979 22.5 0.176518008112907 1092 440.111111111111 2.00257629156113 591.633117675781 0.0128 0 4352315.53791494 6437776.29953069
2.51 0.41478 17.361967086792 24.9770679473877 0.146725460886955 764.916442871094 241.722222222222 1.00229704380035 420.238220214844 0.2484 0 4292158.10789895 6594654.18636623
2.51 0.4662 18.5840950012207 23.2000007629395 0.00734278606250882 1188 367.527777777778 0.13015516102314 145.568115234375 0 0.9124 4517754.86150508 6451881.72801825
2.5 0.354414285714286 18.5786266326904 22.8999996185303 0.00833129696547985 1223.77221679688 410.433333333333 0.298406466841698 313.724090576172 0 1 4419607.65210935 6535906.1920394
2.48 0.367775 18.6025867462158 23 0.0457251705229282 1205.939453125 404.466666666667 0.292811945080757 258.396728515625 0 0.9348 4442459.68843343 6521812.56640091
2.47 0.605277777777778 19.0284900665283 23.2000007629395 0.00219668820500374 1188 455.277777777778 0.205525174736977 188.75415802002 0 0.68 4480557.74639204 6497795.54471594
2.46 0.3547 18.2920627593994 22.990535736084 0.00135480717290193 1272 444.288888888889 0.213501445949078 161.590156555176 0 1 4478409.26597397 6358331.29942421
2.45 0.4515 17.4739360809326 22.8739757537842 0.120426714420319 1317.16320800781 477.85 0.675519973039627 381.891708374023 0 0.886 4374282.09464176 6318082.34498937
2.43 0.50234 18.2787857055664 23.3999996185303 0.0691352337598801 1164 367.511111111111 0.213310651481152 126.415687561035 0 0.7404 4526732.48320313 6506547.90961659
2.41 0.40574 18.2051677703857 23.0347557067871 0.00734216207638383 1320.57568359375 495.722222222222 0.166546583175659 124.618576049805 0 0.0028 4481417.49519213 6268909.99930105
2.41 0.41486 17.3733577728271 26.4509811401367 0.328653812408447 711.664489746094 258.533333333333 1.33306849002838 226.481575012207 0.0892 0 4336923.15950978 6703103.62317622
2.4 0.3657 19.6333827972412 23.1000003814697 2.91141750494717e-05 1308 306.911111111111 0.124678663909435 125.827011108398 0 0.6928 4490608.26111904 6316260.87397434
2.4 0.322442857142857 17.5619602203369 23.1000003814697 0.0674737617373466 1284 435.533333333333 0.622392535209656 281.614501953125 0 1 4401866.01260818 6279850.5153049
2.39 0.549033333333333 18.690258026123 23.5 0.0142215676605701 1152 351.366666666667 0.158759340643883 129.446960449219 0 0.0204 4516405.36976035 6524049.81990627
2.39 0.3546375 18.8499736785889 22.8999996185303 0.0162999723106623 1272 479.461111111111 0.218110486865044 196.045776367188 0 0.6436 4460799.61215189 6380693.08694092
2.39 0.43387 16.9895496368408 22.8999996185303 0.0623811297118664 1342.76013183594 368.433333333333 0.451726868748665 122.04566192627 0 0.240875912408759 4519437.97870418 6209238.37464696
2.38 0.3978 15.4008226394653 21.9988212585449 0.305763423442841 840 315.477777777778 3.55376362800598 1008.3274230957 0 0 4284638.22209187 6545464.73478384
2.37 0.484066666666667 18.3247547149658 23.6130447387695 0.0244664810597897 1164 373.433333333333 0.534390211105347 185.310485839844 0.2764 0.716 4444362.05985231 6572770.2912276
2.37 0.290869230769231 19.4271221160889 22.7000007629395 0.00833324156701565 1332.16906738281 441.388888888889 0.334938108921051 304.065368652344 0 1 4422524.7396163 6417530.87047639
2.37 0.296488888888889 17.9319229125977 24.8999996185303 0.0674009695649147 1080 334.194444444444 0.813207685947418 183.317687988281 0 0.9456 4452433.92204513 6686324.49532567
2.36 0.4375 18.894588470459 23.7999992370605 0.00283380644395947 1152 432.016666666667 0.0864282771945 109.23641204834 0.006 0.9568 4566062.83483057 6556724.26791688
2.35 0.379466666666667 18.0604438781738 23 0.0129562234506011 1332 441.116666666667 0.358255207538605 181.347015380859 0 1 4450933.34163808 6312152.96696939
2.33 0.483628571428571 18.0439071655273 23.2000007629395 0.00083707325393334 1296 418.35 0.181352138519287 139.835182189941 0 0.8928 4460545.85359944 6198712.14028493
2.33 0.373 17.5821342468262 23.8999996185303 0.00160423945635557 1082.89733886719 334.761111111111 1.14532077312469 256.428619384766 0 1 4430556.61237594 6632462.62292953
2.33 0.336166666666667 18.3029747009277 22.7000007629395 0.013747381977737 1356 421.405555555556 0.386802226305008 298.601715087891 0 1 4420091.27475627 6377610.13492849
2.32 0.4395 18.4795875549316 23.6009998321533 0.00266583682969213 1135.24499511719 350.538888888889 0.338826894760132 107.480583190918 0 0.5216 4559393.60579488 6523296.23396298
2.31 0.49132 17.6433963775635 22.9503211975098 0.0107742343097925 1332 368.472222222222 0.288946837186813 127.509368896484 0 0 4500274.59100468 6213767.91993676
2.31 0.4132 18.227668762207 23.1000003814697 0.0191411543637514 1325.54162597656 437.65 0.273758843541145 149.303169250488 0 0.7572 4465249.7666954 6297129.8075771
2.31 0.523575 13.4511137008667 25.2610492706299 0.792531609535217 865.282104492188 391.905555555556 4.11671209335327 394.641815185547 0.6464 0 4280980.1794132 6495749.01445838
2.31 0.4717 17.7741107940674 23.7000007629395 0.033369816839695 1164 455.744444444444 0.257800310850143 121.13595199585 0 0.8024 4496546.38703368 6555436.12973738
2.3 0.4792 18.7053966522217 23.5 0.00487634912133217 1160.76708984375 369.066666666667 0.131520591676235 107.911197662354 0 0.6212 4560573.72303969 6489073.22862377
2.3 0.551966666666667 17.9071884155273 23.3999996185303 0.0450214110314846 1176 401.177777777778 0.247702106833458 181.694244384766 0.4368 0.5176 4472438.6673254 6531795.31974277
2.3 0.373525 18.6780567169189 23 0.00169252930209041 1284 461.377777777778 0.232534892857075 130.83137512207 0 0.8208 4500781.30362834 6334416.74208258
2.3 0.468925 18.8365325927734 24.2390327453613 0.0293968096375465 1132.27685546875 320.155555555556 0.277247220277786 85.9092330932617 0 1 4497503.29271719 6596071.23353642
2.29 0.342709090909091 18.390567779541 23 0.0323300547897816 1220.06970214844 429.677777777778 0.364383369684219 280.917495727539 0 0.8484 4437713.61701047 6502859.33280381
2.29 0.3697 18.6356334686279 23.1101474761963 0.00775451911613345 1188 436.044444444444 0.163097053766251 162.451385498047 0 1 4503025.91026967 6459965.36748565
2.29 0.412828571428571 18.486478805542 22.8915328979492 0.00312618818134069 1213.81481933594 450.577777777778 0.245536491274834 190.47541809082 0 1 4477377.76257336 6397630.58039815
2.28 0.35515 18.0683650970459 23 0.0136111583560705 1224 287.188888888889 0.311738610267639 234.854919433594 0 0.7324 4457963.70405729 6479004.96719559
2.28 0.3934625 15.950737953186 21.6843929290771 0.426768511533737 1166.47705078125 501.477777777778 2.9908242225647 748.25537109375 0 0.9016 4348030.65569028 6387355.92707013
2.28 0.460233333333333 18.3862380981445 23.6000003814697 0.00382238882593811 1142.65100097656 379.311111111111 0.159123733639717 109.119331359863 0.0028 0.5428 4578425.20380921 6515400.92133966
2.28 0.310263636363636 14.5730266571045 21.923210144043 1.12540411949158 1230.04663085938 453.344444444444 4.0806405544281 663.707916259766 0 0.9124 4363049.39004687 6380963.74083341
2.27 0.5078 18.6264381408691 23.7000007629395 0.0027044010348618 1140 321.455555555556 0.269913971424103 106.034385681152 0.0144 0.0736 4540164.41057321 6526226.60397235
2.27 0.603683333333333 13.6011276245117 22.8359546661377 0.461486339569092 1008 555.361111111111 3.72999310493469 768.987731933594 0.6092 0 4307811.47822989 6436777.24288919
2.26 0.507666666666667 17.8098793029785 23.876407623291 0.153823494911194 1128.36267089844 497.777777777778 0.717611759901047 187.473442077637 0 0.9328 4439202.84344679 6597427.27209229
2.26 0.521011111111111 14.8734474182129 21.8075389862061 0.455646306276321 1236 480.966666666667 4.85270404815674 656.749389648438 0.4008 0.5036 4374563.99562767 6395205.15886567
2.26 0.472025 14.7651090621948 21.2638301849365 0.624456763267517 972 382.283333333333 3.68767595291138 921.620178222656 0.0792 0 4388166.30375808 6658540.19240278
2.24 0.450916666666667 18.4248752593994 22.8999996185303 4.03849626309238e-05 1328.24096679688 427.788888888889 0.1424890011549 132.70866394043 0.124 0.4704 4487786.31274391 6235683.50787792
2.24 0.439483333333333 17.9531192779541 22.7999992370605 0.00289490190334618 1314.00866699219 457.127777777778 0.306192278862 124.347854614258 0.1388 0.8188 4534790.88935795 6268219.66640425
2.24 0.438157142857143 17.4438571929932 23 0.024781821295619 1323.4921875 355.388888888889 0.260984182357788 129.649429321289 0 0.5484 4476125.0633036 6246603.59613277
2.22 0.490833333333333 18.1247138977051 22.7000007629395 0.00117533630691469 1296 443.705555555556 0.177382364869118 120.532211303711 0 0.7492 4560477.76634694 6297194.6303509
2.22 0.5968 17.9503574371338 23.7999992370605 0.0102609554305673 1161.32141113281 459.827777777778 0.135823845863342 103.523303985596 0 0.7864 4585440.70706975 6576307.84359504
2.21 0.3736 19.1390075683594 23.2999992370605 0.0320077836513519 1176 410.983333333333 0.220687374472618 151.592750549316 0 0.9152 4504968.34451631 6497317.85775314
2.21 0.337275 19.6580371856689 24.6000003814697 0.0839704796671867 1068 319.688888888889 0.52330881357193 225.287551879883 0 1 4441038.29067517 6675681.99924763
2.2 0.538925 16.37473487854 23.9850749969482 0.277861565351486 1028.38830566406 502.627777777778 1.92486655712128 367.845062255859 0.0856 0.018 4431116.5954711 6694309.83764694
2.2 0.542 18.5585784912109 23.2999992370605 0.000806737982202321 1224 458.311111111111 0.118671208620071 144.606201171875 0 0 4440724.60301606 6181607.79507605
2.19 0.4266 18.6931953430176 23.2999992370605 0.0976057276129723 1176 427.833333333333 0.496580526232719 214.581771850586 0 1 4439430.28666923 6557513.47113362
2.19 0.487933333333333 18.564847946167 23.3999996185303 0.00845678709447384 1188 351.516666666667 0.165942966938019 105.318862915039 0 0.44 4565009.19882407 6461253.17006747
2.19 0.4908 18.6787109375 24 0.0284537523984909 1139.59692382813 388.083333333333 0.21295303106308 88.1705322265625 0 0.9992 4517742.10950126 6572452.93577967
2.18 0.329036363636364 18.4047317504883 22.7999992370605 0.0206414591521025 1284 446.355555555556 0.360600829124451 276.6962890625 0 1 4440126.9345963 6437758.77968298
2.18 0.4779 17.5258445739746 23.6356773376465 0.0126177724450827 1092 415.344444444444 0.163377374410629 149.358909606934 0 0.5672 4415080.37632325 6136770.69058512
2.17 0.4908 18.4987697601318 23.7000007629395 0.0120167806744576 1140 445.216666666667 0.129196122288704 110.817077636719 0 1 4562359.22943165 6537544.60801279
2.17 0.380785714285714 18.4371204376221 22.9417495727539 0.017763389274478 1332 452.65 0.301159724593163 130.976448059082 0 1 4495629.03577869 6254687.76507895
2.16 0.39255 18.6507530212402 22.8999996185303 0.00912361033260822 1236 439.7 0.184048175811768 151.957412719727 0 1 4500937.26350313 6378052.20022497
2.15 0.3740875 17.859468460083 23.3928413391113 0.111625656485558 1128 433.144444444444 0.613143056631088 286.17512512207 0 1 4360784.96009556 6258888.07860857
2.12 0.35634 17.1224384307861 23 0.0455975458025932 1272 330.172222222222 0.377187043428421 144.615295410156 0 0.8028 4494746.49604822 6356631.98374758
2.12 0.3088 18.0222663879395 26.2000007629395 0.0607646778225899 683.687927246094 217.344444444444 0.529278725385666 278.456512451172 0 0 4271520.79946292 6610680.92768104
2.1 0.3239 18.2549304962158 22.7999992370605 0.0205696392804384 1264.20104980469 460.277777777778 0.195823170244694 222.555404663086 0 0.906 4457430.06464274 6402048.55371692
2.09 0.341709090909091 14.7501592636108 21.7415409088135 0.626930475234985 1190.12707519531 473.211111111111 2.7609795331955 723.983428955078 0 0.9444 4360584.14161379 6398067.53002159
2.09 0.32886 18.1965312957764 23.1000003814697 0.00898281764239073 1324.494140625 436.705555555556 0.0989135503768921 140.121574401855 0 0.9176 4460968.95991399 6218747.58687263
2.08 0.375375 17.2125110626221 22.8999996185303 0.00936233252286911 1365.91271972656 485.755555555556 0.766618937253952 259.953964233398 8e-04 0.6736 4425141.08701416 6345256.04466528
2.08 0.3485 18.5845623016357 23 0.0068835848942399 1296 475.677777777778 0.133968226611614 113.207225799561 0 0.8544 4522529.03970413 6316465.3397979
2.06 0.51105 19.0089149475098 26.589771270752 0.0296111609786749 758.08642578125 272.694444444444 0.69815868139267 154.983551025391 0.8788 0 4358146.12384657 6708843.84709916
2.03 0.424788888888889 17.6378021240234 23.1000003814697 0.104402281343937 1297.57470703125 410.083333333333 0.458495631814003 199.799049377441 0 0.87 4420643.77837164 6277549.26988349
2.03 0.3544 17.88014793396 22.8999996185303 0.0829318761825562 1356 487.533333333333 0.537257581949234 238.013969421387 0 0.4492 4423517.022026 6312692.4434569
2.03 0.387971428571429 17.2047080993652 23.0156402587891 0.026961725205183 1344 427.116666666667 0.891646325588226 202.285797119141 0 0.838 4431124.1422895 6297996.26008138
2.03 0.264753333333333 17.9706745147705 22.5 0.0903931558132172 1296 422.161111111111 0.84160453081131 440.785034179688 0 1 4390953.80992344 6456843.20859684
2.01 0.40595 17.6628742218018 23.33713722229 0.0186775289475918 1260 420.366666666667 0.292131841182709 136.819313049316 0 0.8932 4456134.54521472 6175865.56944213
2.01 0.44555 18.1340160369873 23.3999996185303 5.30126017110888e-05 1269.76196289063 423.072222222222 0.109345436096191 131.9833984375 0 0.27 4459140.15957763 6160309.15697329
2 0.463328571428571 18.5711193084717 23.1000003814697 0.0210467092692852 1320 425.116666666667 0.183515101671219 130.521820068359 0 0.9688 4481948.18283032 6299623.75674971
1.98 0.344133333333333 18.1759872436523 21.8999996185303 0.0137626715004444 907.372375488281 406.994444444445 0.641136884689331 1016.00598144531 0.0432 0.3156 4292190.88835333 6517233.4320591
1.96 0.31704 17.9487972259521 22.5 0.0184429846704006 1140 445.916666666667 1.10480397939682 592.467132568359 0 0.8932 4358302.14645946 6423453.52308494
1.96 0.379528571428571 18.2112503051758 22.9945049285889 0.00153732462786138 1308 459.983333333333 0.261562630534172 169.58251953125 0 0.858 4464215.1186437 6338712.80919569
1.95 0.3164 19.6346530914307 22.7999992370605 0.0103696538135409 1272 389.305555555556 0.218542411923409 402.892715454102 0 0.9476 4393775.83986733 6474507.44265118
1.94 0.284576923076923 17.1133213043213 22.6000003814697 0.0254025813192129 1344 425.5 1.09710443019867 419.492614746094 0 1 4398700.13973093 6420050.54592917
1.94 0.36735 17.8134536743164 23.2000007629395 0.0265205167233944 1330.73291015625 408.538888888889 0.250815764069557 137.758605957031 0 0.7884 4460305.96330782 6276423.73234231
1.93 0.4492 18.8355674743652 24.2000007629395 0.00334840104915202 1117.81213378906 397.906 0.25790573656559 90.5457611083984 0.0072 0.2424 4480372.7444577 6597581.62495456
1.93 0.3288 18.2174072265625 22.8999996185303 0.0140997990965843 1248 294.277777777778 0.545344471931458 371.579071044922 0 0.6596 4399144.56547139 6498770.31693401
1.92 0.47795 17.6929607391357 23.6000003814697 0.0307027380913496 1164 369.277777777778 0.329074323177338 149.23420715332 0 0.1452 4478079.83040602 6556160.9055056
1.92 0.418588888888889 17.4817352294922 23.5 0.252878755331039 1199.85021972656 312.744444444444 0.636788755655289 129.22900390625 0 0.1152 4445277.88149326 6133606.00980646
1.91 0.425681818181818 17.9590377807617 23 0.0920351296663284 1319.38952636719 444.127777777778 0.412313714623451 120.847999572754 0 0.3392 4499571.85275278 6292865.92843104
1.91 0.432145454545455 18.5651702880859 23.3999996185303 0.0434698089957237 1176 486.622222222222 0.285113334655762 233.106903076172 0 0 4377922.91251111 6259142.00715616
1.91 0.4747 18.8681831359863 23.7999992370605 0.00976615492254496 1142.32958984375 361.038888888889 0.197588250041008 91.7646217346191 0 0.6464 4540082.38501315 6555510.12494996
1.91 0.3758375 17.7910785675049 24.1000003814697 0.0888768658041954 804 334.766666666667 1.0115647315979 524.460632324219 0 0 4304745.72445973 6586669.25027954
1.9 0.513933333333333 18.1817264556885 23.4143829345703 0.0201924592256546 1164 420.888888888889 0.285447850823402 145.188003540039 0.078 0.462 4502726.16303072 6523464.71669679
1.89 0.516275 18.6910552978516 23.5 0.00912401918321848 1152 372.833333333333 0.151636824011803 107.456367492676 0 0.0052 4560306.10963948 6499235.15626065
1.89 0.466 18.4578227996826 25.2022342681885 0.110645644366741 802.396545410156 253.633333333333 1.58884131908417 400.337142944336 0.5208 0 4355680.93375387 6657886.03711426
1.89 0.4344 18.2671527862549 23.3999996185303 0.0353502184152603 1229.826171875 384.7 0.341963842511177 171.507598876953 0 0 4415025.82221494 6233609.30551737
1.88 0.50296 17.2102298736572 23.6000003814697 0.0367902554571629 1176 359.094444444444 0.660118937492371 135.383796691895 0 0.114 4434996.63779841 6151922.72730624
1.86 0.43845 18.8761711120605 23.5 0.0293511059135199 1152 443.933333333333 0.241444736719131 180.145462036133 0 1 4402470.27580958 6213078.76793723
1.86 0.5079 19.2673034667969 24.2999992370605 0.0242715030908585 1128 412.7 0.344863295555115 99.8964805603027 0 0.5336 4459787.9299925 6597524.20315995
1.84 0.3181 18.8589248657227 22.6000003814697 0.0489359572529793 1344 443 0.81166398525238 376.03173828125 0 0.8892 4406039.91925188 6399940.07887226
1.84 0.4704875 18.5836029052734 23.2999992370605 0.0107575543224812 1236 462.094444444444 0.489804863929749 226.284912109375 0 0.0624 4401433.50479898 6256370.67332873
1.82 0.455783333333333 17.715461730957 22.8999996185303 0.00489609129726887 1284 393.733333333333 0.234278000891209 171.38688659668 0 0.0532 4465837.89450684 6356054.1444397
1.82 0.31742 17.6449356079102 22.6000003814697 0.0397327765822411 1248 433.516666666667 0.432383462786675 465.453979492188 0 1 4358850.39672343 6318683.36713701
1.81 0.5100625 19.0820865631104 23.3999996185303 0.0130681795999408 1200 338.916666666667 0.170824192464352 165.22541809082 0 0.3416 4415465.03038224 6218905.45965864
1.81 0.400866666666667 18.7169647216797 26.7999992370605 0.00839925929903984 646.835144042969 218.988888888889 0.233520589768887 226.319580078125 0 0 4245981.11116445 6590070.04184141
1.81 0.471085714285714 18.6563453674316 23 0.0219622179865837 1325.67980957031 404.544444444444 0.190542906522751 124.634788513184 0 0.0452 4505461.97720015 6280163.89084201
1.8 0.3425625 18.3559379577637 22.7999992370605 0.0245751775801182 1247.25830078125 370.25 0.309621065855026 239.503875732422 0 1 4460399.11598837 6437858.23770915
1.79 0.310666666666667 18.7705898284912 22.7999992370605 0.00812296383082867 1272 420.811111111111 0.127565011382103 274.380676269531 0 1 4440665.51962933 6459942.8831743
1.79 0.464733333333333 17.7281513214111 23.2000007629395 0.0212861243635416 1320 314.416666666667 0.28344589471817 131.948333740234 0 0.2152 4456038.60020592 6259026.84049642
1.79 0.3298625 17.5521488189697 22.4940929412842 0.0421584844589233 1200 460.688888888889 0.985567688941956 543.924743652344 0 0.9556 4348416.8721295 6321003.57613593
1.76 0.38205 18.3897590637207 22.8999996185303 0.137119188904762 1333.26098632813 427.066666666667 0.545792460441589 213.699996948242 0 0.9508 4442906.16096509 6344024.51807798
1.75 0.336866666666667 17.0007514953613 22.5 0.0802752152085304 1250.40795898438 330.005555555556 0.868441104888916 420.503158569336 0.0396 0.9448 4399022.36254281 6541705.33701009
1.75 0.3549 18.4114398956299 23.1000003814697 2.25240892177681e-05 1202.77758789063 378.15 0.44663567841053 223.637275695801 0 0.9692 4462224.37376287 6500835.97613171
1.74 0.3939 18.0518112182617 26.8709926605225 0.0842340439558029 636 193.083333333333 0.488742753863335 210.182121276855 0 0 4256591.58850959 6611138.64515427
1.74 0.3665 20.1670303344727 26.2999992370605 0.0369751341640949 780 229.733333333333 0.273566290736198 287.881088256836 0 0 4260215.39514459 6504561.0276195
1.73 0.391233333333333 18.0009632110596 26.7999992370605 0.155548572540283 636 226.561111111111 0.637393146753311 214.068389892578 0 0 4257824.19394238 6610980.07792881
1.73 0.433266666666667 18.648416519165 23 0.000262906512944028 1233.69299316406 445.527777777778 0.183801211416721 121.24308013916 0 0.9904 4539606.26020562 6394524.4216574
1.71 0.3606625 18.7399940490723 22.7999992370605 0.0553655214607716 1332 474.733333333333 0.355147480964661 277.876953125 0 0.8752 4424157.25701769 6394775.4487098
1.71 0.48176 18.2183322906494 25.0695209503174 0.0791409909725189 768 325.816666666667 0.520481795072556 379.219009399414 0.08 0 4314952.90989572 6615633.51562094
1.71 0.458 18.1407051086426 23.2999992370605 0.0855779349803925 1248 253.138888888889 0.140234604477882 146.952857971191 0 0 4438660.57017915 6207087.73084137
1.7 0.39383 18.6156768798828 22.8999996185303 2.3070215320331e-05 1236 433.544444444444 0.185047969222069 234.332672119141 0 1 4460321.34088452 6457818.44539387
1.68 0.414975 18.1741905212402 23.5 0.0329071581363678 1116 344.994444444444 0.27475717663765 202.858680725098 0 0.4552 4385622.70836414 6224369.63097621
1.67 0.284430769230769 17.1856269836426 22.247953414917 0.339046597480774 1308 407.144444444444 1.44588398933411 521.388061523438 0 0.9308 4378073.2682822 6374703.65783727
1.67 0.478385714285714 19.2584953308105 26.2000007629395 0.0117575461044908 744 281.377777777778 0.330206543207169 344.693145751953 0.887152777777778 0 4244159.26258027 6469027.13975136
1.66 0.417133333333333 18.092529296875 22.8540916442871 0.0155702764168382 1272 431.45 0.163863897323608 107.260845184326 0 0.9132 4565162.45288905 6337419.90635151
1.65 0.373675 17.0258483886719 22.1000003814697 0.221566498279572 1260 492.155555555556 1.90557718276978 607.109558105469 0 0.9164 4363894.93462796 6366895.89599031
1.65 0.284792307692308 17.8672428131104 22.7000007629395 0.0842399969696999 1330.87976074219 427.883333333333 0.49090901017189 322.760009765625 0 0.9616 4419854.38603513 6437618.77780452
1.64 0.4393 18.3728408813477 23.2000007629395 0.0318467691540718 1164 495.133333333333 0.684690088033676 345.43701171875 0.0424 0.5204 4356738.98174808 6282078.83264701
1.64 0.278828571428571 16.8648281097412 23.2000007629395 0.0061767203733325 1301.08386230469 365.061111111111 1.04602512717247 146.48893737793 0 0.5832 4443294.65378371 6244835.39000681
1.63 0.374533333333333 16.6482715606689 22.1000003814697 0.394065260887146 1080 350.633333333333 2.13866829872131 698.883544921875 0 0.5472 4323036.98853887 6318390.2072849
1.62 0.392122222222222 18.3541622161865 22.8999996185303 0.0119502078741789 1276.35327148438 475.1 0.170882917940617 117.980663299561 0.0172 0.7756 4523958.06571817 6338817.08156205
1.62 0.421 18.6984424591064 23.2000007629395 0.0483918860554695 1260 391.527777777778 0.495565980672836 268.630523681641 0 1 4384767.85473739 6283425.87827466
1.61 0.4951 18.0266971588135 22.8999996185303 0.0196633767336607 1200 344.616666666667 0.32924222946167 197.88232421875 0 0.3244 4480677.89569066 6434330.61189856
1.61 0.2982 18.6583003997803 22.7999992370605 0.0126479845494032 1308 426.522222222222 0.179249554872513 321.777099609375 0 1 4419696.96948 6457579.71325185
1.6 0.36862 18.1228733062744 22.8999996185303 0.00990633107721806 1327.74743652344 446.883333333333 0.397044748067856 243.176895141602 0 0.9388 4435838.18373942 6379739.908968
1.6 0.405033333333333 18.763801574707 23.1000003814697 0.000118633717647754 1261.51196289063 429.666666666667 0.22725061327219 292.815093994141 0 1 4381585.59157018 6292795.39873966
1.55 0.42938 18.8452587127686 26.7813682556152 0.034337755292654 648 277.877777777778 0.496844977140427 258.764862060547 0 0 4235782.62355541 6554187.50201644
1.55 0.341525 17.7554454803467 23 0.135792091488838 1332 429.95 0.895513743162155 261.777786254883 0 0.9244 4408978.1525534 6296216.9326748
1.55 0.400146153846154 18.2959804534912 23.1000003814697 0.00309704034589231 1320 327.488888888889 0.162773713469505 134.613098144531 0 0.0576 4459834.64294396 6238589.67461308
1.55 0.509133333333333 17.516040802002 23.8060321807861 0.0464509576559067 972 341.55 0.895735800266266 189.293807983398 0 0.1056 4373772.25224333 6168938.00639668
1.54 0.38794 18.1178665161133 23.7010040283203 0.0463549271225929 908.852111816406 285.522222222222 0.652984946966171 245.813995361328 0 1 4344658.7562656 6134672.49961512
1.52 0.386645454545455 18.2000503540039 23.2999992370605 0.0312409941107035 1286.36645507813 287.25 0.54812678694725 159.368446350098 0 0.7508 4432603.44844066 6256678.38511146
1.52 0.463733333333333 18.7472381591797 23.6921062469482 0.0138711780309677 1088.29699707031 408.733333333333 0.11382744461298 168.718856811523 0.1192 0.7724 4400723.15688154 6181950.43499048
1.52 0.387866666666667 17.6870822906494 23.8175945281982 0.0533226579427719 964.117126464844 362.105555555556 0.356658294796944 175.672492980957 0.006 0.756 4379578.84931506 6135138.16190584
1.51 0.30552 18.490234375 22.7000007629395 0.0510859452188015 1368 335.738888888889 0.590142667293549 370.699752807617 0 0.838 4399581.34600676 6437438.22551367
1.5 0.4112 17.9629974365234 23 0.0497615337371826 1269.39184570313 411.294444444445 0.625262349843979 87.6447296142578 0 0.4772 4577573.60351538 6356049.15620681
1.5 0.3924 18.4427070617676 25.5 0.0421010628342628 851.994201660156 397.906 0.726303517818451 400.181930541992 0 0 4270001.88056387 6474125.87122615
1.48 0.367157142857143 17.9651527404785 22.8999996185303 0.0396933294832706 1260 457.094444444444 0.529105365276337 113.667915344238 0 0.57 4540565.40264808 6360284.00593859
1.48 0.35546 18.1174354553223 22.8999996185303 0.0140007948502898 1316.44848632813 467.177777777778 0.396778210997581 119.336513519287 0 0.9992 4521861.28050411 6297440.43289027
1.47 0.394418181818182 18.5002574920654 23.2707595825195 0.00449438067153096 1296 341.516666666667 0.183378398418427 149.21598815918 0 0.68 4440074.65175556 6251174.31699636
1.47 0.322522222222222 17.6929531097412 23.0119514465332 0.0279201306402683 1296 469.527777777778 0.612866222858429 144.415634155273 0 1 4480863.71527253 6338108.45608687
1.46 0.3849 18.6562786102295 23.5 0.00941197201609612 1140 446.561111111111 0.307568162679672 218.911254882813 0 0.2644 4378305.25334063 6241959.02699978
1.46 0.405575 15.4313993453979 21.729564666748 0.409987986087799 840.393737792969 303.872222222222 3.08295083045959 1098.09301757813 0 0 4281378.07352833 6528653.2460873
1.45 0.37575 18.5318489074707 23.6000003814697 0.276524215936661 888 324.466666666667 0.374222308397293 336.959732055664 0 0.8208 4312124.24440094 6218672.58506366
1.44 0.432333333333333 17.9157676696777 22.8999996185303 0.00171276018954813 1320 426.2 0.492000877857208 125.56196975708 0 1 4527017.99246118 6280748.56597046
1.44 0.355071428571429 17.3170566558838 22.8999996185303 0.0137892002239823 1368 475.083333333333 0.801696985960007 293.587219238281 0 0.8192 4407753.98722376 6317904.01733786
1.44 0.296936363636364 18.06764793396 23 0.0303648915141821 1355.728515625 415.444444444444 0.497210711240768 208.641181945801 0 0.8612 4439467.72952873 6318569.56639581
1.43 0.43852 17.7606010437012 22.7000007629395 0.00260662380605936 1244.52111816406 530.872222222222 0.312482595443726 232.169204711914 0 0.7372 4459323.26754897 6416551.34959783
1.42 0.4378 17.7576999664307 24 0.0239927880465984 952.901000976563 348.155555555556 0.329313069581985 183.20384979248 0 0.398 4374233.13969223 6156284.88855466
1.4 0.50136 18.3341236114502 25.1000003814697 0.0358561538159847 888 368.811111111111 0.537640511989594 455.236602783203 0.0408 0 4277489.33402089 6455470.10767951
1.39 0.3743 18.7827091217041 22.8999996185303 0.0235824156552553 1320 475.961111111111 0.381252646446228 209.364151000977 0 0.9456 4446581.62124992 6358391.5970404
1.39 0.425955555555556 17.938268661499 23.6000003814697 0.017842860892415 1044 373.266666666667 0.183652579784393 220.132888793945 0 0.5056 4372869.9092241 6202142.84981445
1.35 0.380975 18.0932540893555 23.532039642334 0.00604106206446886 1092 426.816666666667 0.236783877015114 188.219970703125 0 0.9228 4393083.89138418 6196328.28718226
1.31 0.3547 18.4376430511475 23.8999996185303 0.00812665279954672 888 381.372222222222 0.227503523230553 245.387359619141 0 0.028 4336259.01444849 6164777.94623272
1.31 0.374275 17.9100761413574 23.0107460021973 0.00263463915325701 1320 466.438888888889 0.413404405117035 151.083648681641 0 0.6532 4472689.4489636 6318479.75977369
1.3 0.3804 17.0644950866699 22.8999996185303 0.0933964103460312 1139.98498535156 433.161111111111 1.08360958099365 444.534301757813 0 0.7968 4343408.78569966 6293455.98627001
1.3 0.4186 18.3492889404297 23.2000007629395 0.00438659405335784 1320 378.661111111111 0.24489963799715 160.683235168457 0.0424 0.9576 4440460.95268276 6276454.82465325
1.29 0.504116666666667 18.3316497802734 23.5 0.0158299319446087 1161.04711914063 417.833333333333 0.152527943253517 165.664024353027 0.0016 0.096 4413040.31965283 6197933.89360244
1.29 0.367841666666667 18.1670417785645 22.7999992370605 0.03374283015728 1380 467.588888888889 0.839910268783569 328.762481689453 0 0.2728 4401662.97371513 6356496.2044466
1.28 0.49125 17.3169555664063 26.5490016937256 0.24339248239994 720 326.616666666667 0.891161978244781 242.578491210938 0 0 4259672.09026354 6552361.85826037
1.27 0.381771428571429 17.6695518493652 23.767162322998 0.00128525192849338 974.566650390625 285.361111111111 0.52671292424202 202.885887145996 0 1 4369180.52589052 6179262.05395176
1.27 0.398533333333333 17.5914344787598 22.8999996185303 0.0560269318521023 996 380.122222222222 0.828197985887527 507.691696166992 0 0.8024 4313346.43008907 6284967.04404504
1.27 0.4046625 18.3900909423828 23.3999996185303 0.0171328634023666 1167.11572265625 389.166666666667 0.17835871130228 124.400405883789 0 1 4538367.59938264 6481921.42588602
1.26 0.49095 17.4990768432617 23.4701614379883 0.0196998044848442 1152 465.633333333333 0.354312732815742 149.848991394043 0.0228 0.1084 4421856.90174632 6181029.08035251
1.24 0.34204 18.6483573913574 22.7999992370605 0.00327095692045987 1356 475.372222222222 0.582200050354004 289.913635253906 0.0848 0.86 4416964.5071849 6363812.02855046
1.24 0.372975 17.5839042663574 23.3999996185303 0.020544433966279 996 434.405555555556 0.319261252880096 333.34895324707 0 0.788 4331042.15386393 6247850.28917322
1.23 0.3698 17.5648765563965 23.3999996185303 0.050653699785471 924 326.522222222222 0.561055719852448 347.693328857422 0.0724 0.7108 4316067.43865872 6235345.7125641
1.23 0.3564 18.6623992919922 23.5 0.0120139308273792 1080 460.822222222222 0.226553067564964 267.373840332031 0 0.808 4357671.19968778 6243723.8831268
1.22 0.33706 18.0026302337646 22.7000007629395 0.0789110511541367 1056 401.872222222222 0.744655132293701 549.267700195313 0 0.9704 4323847.98787719 6296950.670388
1.21 0.348571428571429 17.9632434844971 23.6000003814697 0.0536663755774498 1056 468.894444444445 0.261923670768738 238.963851928711 0 0.7844 4365004.97447702 6218154.36468682
1.2 0.398725 18.0394153594971 26.6000003814697 0.121109880506992 720 280.611111111111 0.497509613633156 266.818695068359 0 0 4251586.72444704 6531428.59230499
1.18 0.4687 18.1670227050781 23 0.00875295978039503 1332 431.905555555556 0.144939944148064 132.987464904785 0 0.0524 4479205.04668389 6220539.70670371
1.18 0.400308333333333 18.8608856201172 23.5 0.00411502830684185 1188 335.683333333333 0.213305860757828 190.623229980469 0 0.1648 4398548.62908443 6236364.27568928
1.17 0.484983333333333 18.590425491333 26.2999992370605 0.0644652470946312 715.759460449219 246.85 0.397850587964058 214.95255279541 0.6628 0 4314862.76865382 6655488.75637396
1.16 0.475375 19.1276092529297 26.4866352081299 0.0859078615903854 745.612426757813 397.906 0.776460349559784 193.444229125977 0.0096 0 4342872.08738139 6679253.23979533
1.16 0.425955555555556 17.938268661499 23.6000003814697 0.017842860892415 1044 373.266666666667 0.183652579784393 220.132888793945 0 0.5056 4372864.52962819 6202139.00402719
1.16 0.321677777777778 16.957103729248 22.5951805114746 0.0528369136154652 1356 465.438888888889 1.2358466386795 391.503723144531 0 0.7964 4401508.19291405 6373614.58894796
1.15 0.417166666666667 18.3044624328613 23.3999996185303 0.0158819686621428 1176 387.522222222222 0.166914291679859 139.771110534668 0 0.6924 4521574.62075672 6479964.74657223
1.14 0.38544 18.387638092041 24.4155330657959 0.091806598007679 1076.13073730469 443.222222222222 1.06950271129608 115.819206237793 0.3156 0.4888 4454239.30536861 6632920.03638203
1.13 0.38115 18.6465549468994 23.6000003814697 0.0115595608949661 996 459.333333333333 0.15536005795002 285.145965576172 0 0.9592 4342350.20015827 6227304.76189019
1.12 0.393988888888889 18.170539855957 23.7000007629395 0.0331326462328434 1104 390.077777777778 0.804204523563385 145.206405639648 0 0.2396 4414936.15724673 6157139.90401868
1.08 0.2533 20.1305408477783 26.7331962585449 0.0191859044134617 732 89.9166666666667 0.0806155502796173 130.755905151367 0 0 4348651.22570036 6712574.27190111
1.02 0.341483333333333 19.6661529541016 26.3384284973145 0.0439400039613247 732 397.906 0.524524092674255 191.781280517578 0.0496 0 4333875.86705861 6663755.74833092
1.01 0.3801375 17.9533100128174 23.7999992370605 0.00316016585566103 1032 384.488888888889 0.205771803855896 154.433090209961 0 0.7324 4400312.43731156 6139254.18322745
1 0.4527 17.5790748596191 26.5 0.0440294966101646 732 300.783333333333 0.626119762659073 274.308502197266 0 0 4251574.24267612 6519313.98857256
0.98 0.3699 22.381856918335 26.9979915618896 3.97075054934248e-05 672.540100097656 163.1 0.121668163686991 179.494857788086 0 0 4321962.85823199 6722852.63592819
0.97 0.4207 19.0242462158203 23 0.0361774079501629 1194.70727539063 289.622222222222 0.261170357465744 161.855308532715 0 0.1836 4501034.40607122 6418403.92397547
0.92 0.427033333333333 18.4697341918945 23.2000007629395 0.000446365243988112 1272 316.877777777778 0.0753803327679634 147.374084472656 0 0 4440943.87798232 6227862.90657414
0.9 0.4633125 17.8684425354004 23.7999992370605 0.127557381987572 916.140197753906 328.777777777778 0.627426505088806 237.028762817383 0 0.9852 4343553.53981623 6171385.12574558
0.88 0.38988 18.8883686065674 23.7999992370605 0.00718744331970811 819.046081542969 352.627777777778 0.253638938069344 287.540832519531 0 0.9272 4313240.74455311 6174226.70555797
0.87 0.455166666666667 17.6001033782959 23.8999996185303 0.0178463533520699 919.084228515625 366.955555555555 0.298571109771729 218.791275024414 0.1212 0.3816 4354068.63083743 6155305.22772599
0.87 0.424283333333333 19.0070896148682 26.7999992370605 0.00354121951386333 672 249.955555555556 0.173442140221596 225.329956054688 0 0 4250309.94527852 6573572.18996505
0.86 0.46752 18.596866607666 23.2999992370605 0.00191173364873976 1240.35925292969 261.844444444444 0.183140367269516 95.846004486084 0 0 4583434.66373332 6415990.76678236
0.84 0.446077777777778 17.5361862182617 23 0.0246960055083036 1332 351.255555555556 0.180359378457069 134.166778564453 0.1812 0 4478154.55086402 6198374.90197021
0.83 0.406185714285714 17.3500804901123 23.8999996185303 0.0581648536026478 936 343.144444444444 0.495045498013496 191.40771484375 0 0.0708 4364580.21556861 6141429.62559689
0.82 0.38905 17.2756271362305 23.7999992370605 0.0121298711746931 1013.47149658203 385.2 0.359808057546616 159.988670349121 0 0.9556 4394332.88564745 6156872.21294182
0.78 0.411366666666667 18.4758968353271 23.7000007629395 0.023152032867074 828 322.722222222222 0.488841369748116 275.133926391602 0.2948 0.3512 4314551.91092512 6154050.49666962
0.73 0.3549 19.152681350708 23.7000007629395 0.000167120670084842 937.936401367188 430.627777777778 0.184123635292053 255.583854675293 0 0.8756 4342900.20310103 6194357.522017
0.68 0.4344 17.9899387359619 23.7000007629395 0.0271395351737738 878.402709960938 326.205555555556 0.313998058438301 292.096984863281 0 0.5968 4322703.64406408 6197012.82820356
0.62 0.3240125 18.549711227417 23.5 0.00481583038344979 936 360.205555555556 0.273695424199104 385.886245727539 0 0.9728 4311243.78087016 6251399.45649258
0.55 0.31138 15.9221792221069 22.1250743865967 0.474616050720215 1210.216796875 349.083333333333 2.73382616043091 578.625610351563 0 0.5504 4376490.05055882 6419698.16816401
