"VUT" "x" "y" "d_bpriv" "d_centro" "d_educ" "d_espverd" "d_ffcc" "d_supcom" "d_indust" "d_ruta" "d_viasprin" "d_viassec" "d_depre" "d_front" "g_comercio" "g_por_bald" "g_porc_edi"
"1" 550 4585538.484 6529538.978 2096.10525999999 6218.37291999999 405.97746 150.12271 1543.26987 6247.06055999999 7280.95367999999 2291.16271 4978.67245999999 261.01967 7021.62179 6246.09046 0 0.7673 0.04118
"2" 793 4585099.92899999 6529272.353 1846.77692 5994.17922999999 918.69988 589.11126 1033.23628 5902.24215 6934.68847 1815.11044999999 4799.19904 624.094489999999 6700.0123 6318.48051 0 0.84606 0.01885
"3" 1842 4584018.67899999 6524030.864 0 1999.01248 544.266229999999 312.7105 552.405129999999 584.78965 1583.06302 606.22207 539.06437 668.55447 1479.91175999999 4921.23863999999 0 0.5525 0.07037
"4" 1655 4584180.60599999 6524247.84499999 81.6318899999999 1940.84255 442.690089999999 66.25779 818.58928 797.375189999999 1827.22002999999 723.66989 783.495649999999 549.03479 1658.62053999999 4826.59868999999 0 0.65969 0.06008
"5" 1180 4584086.71399999 6524244.54 0 2022.5777 524.51462 88.48818 775.708719999999 791.449439999999 1805.8531 632.13656 761.913779999999 640.540529999999 1671.58933999999 4915.67694 0 0.65657 0.05494
"6" 889 4583382.887 6523880.622 0 2567.73531 1188.77932 858.75472 543.79222 844.52714 1312.91987999999 11.73536 267.5242 1262.85942999999 1643.49697999999 5492.04234999999 0 0.63667 0.04903
"7" 1054 4583518.16399999 6524116.098 0 2499.49575999999 1048.74065999999 634.16525 651.98121 889.398209999999 1570.07898999999 98.6627199999999 524.88769 1176.13572999999 1758.91362 5426.14529 0 0.51357 0.0686
"8" 1337 4583648.06099999 6523997.28799999 0 2339.95001 915.257939999999 572.936199999999 493.85235 714.451059999999 1478.5777 249.175229999999 433.740049999999 1025.53335999999 1591.0625 5268.92738999999 0 0.55879 0.06345
"9" 967 4583748.5 6523799.525 0 2193.23603 819.40434 643.684409999999 277.65014 501.464159999999 1303.92173 386.138509999999 259.405849999999 888.452409999999 1369.43784 5118.49596999999 0 0.6169 0.05706
"10" 1572 4583796.348 6523786.70399999 0 2143.74845999999 770.207419999999 628.63584 260.918999999999 458.60291 1300.57862 435.56556 256.178879999999 839.02386 1335.2308 5068.97970999999 0 0.58852 0.06128
"11" 948 4583570.88399999 6523659.82899999 0 2336.46819999999 986.79024 862.300669999999 261.1059 578.592679999999 1132.56828999999 239.062919999999 87.70672 1035.44897999999 1353.59026999999 5248.76342999999 0 0.60143 0.05616
"12" 941 4584389.807 6525517.37299999 28.62714 2652.47240999999 1502.73148999999 365.345939999999 1158.65164 2082.58624 3113.25417 701.370469999999 1996.03997 595.479919999999 2910.75297 4982.27019 0 0.59111 0.06363
"13" 1054 4584382.347 6525225.25299999 320.17353 2421.94180999999 1214.11015999999 597.147259999999 1284.96971 1792.37044999999 2825.18847999999 746.51295 1781.48313 545.95131 2618.75288 4906.95169999999 0 0.7529 0.04193
"14" 1212 4584311.10599999 6524995.08499999 517.67128 2294.91645999999 1002.57663999999 521.598049999999 1444.14163 1554.48727 2585.59767 717.781799999999 1541.83313999999 570.58311 2390.83804999999 4913.56797999999 0 0.83484 0.03695
"15" 1169 4584233.16999999 6524820.058 327.77778 2228.66739 861.05208 334.80907 1366.44146 1371.99408999999 2398.81818 672.55825 1354.95386 612.669419999999 2221.25379999999 4938.94034 0 0.7729 0.04186
"16" 1278 4584254.298 6524656.41899999 184.9163 2106.33876999999 703.121579999999 178.33769 1220.37602999999 1211.39753999999 2242.33514999999 722.741229999999 1198.5942 559.85044 2056.42567999999 4872.11933 0 0.71552 0.04744
"17" 2500 4585559.296 6523786.377 1526.42271 563.71303 357.072969999999 559.26485 1239.96828 1255.52025 1870.25963999999 2165.15925999999 408.975369999999 35.22634 1594.60638999999 3373.59967 5 0.14885 0.54878
"18" 3593 4585589.33499999 6523717.09399999 1570.31717 490.29678 342.89409 497.179289999999 1267.52363999999 1265.21509999999 1837.52731999999 2207.89472999999 365.61624 97.3400299999999 1548.00552999999 3325.08599 3 0.14918 0.5673
"19" 3650 4584681.55499999 6523838.19799999 657.318499999999 1311.66869999999 46.5705999999999 439.63377 894.31479 538.770279999999 1522.21154 1293.88082 479.70677 19.01445 1258.59504999999 4230.9516 2 0.47465 0.24785
"20" 2027 4585224.921 6523630.73199999 1232.10146 730.597849999999 73.5635 340.178969999999 1220.54479999999 890.794279999999 1544.58681999999 1867.21004999999 384.772499999999 252.95527 1301.59837999999 3651.72503999999 2 0.33912 0.41669
"21" 1296 4585085.20799999 6525925.01699999 11.25695 2716.67286999999 1684.57982999999 109.829949999999 357.337249999999 2623.01213999999 3647.52021999999 1312.22081 1728.61913 5.22277 3383.9787 4435.93253 0 0.345 0.14068
"22" 1542 4585336.52699999 6524554.61 997.830069999999 1343.74652999999 479.382529999999 85.2533999999999 849.93119 1507.37985 2410.58815 1805.65276999999 776.93106 274.75797 2152.09706999999 3805.65625 1 0.2881 0.34755
"23" 1132 4585241.59499999 6525737.91799999 200.422179999999 2493.3728 1450.69959999999 23.88088 291.18243 2494.32713 3500.35197 1499.67701 1484.81432999999 198.841859999999 3236.77770999999 4231.06409999999 0 0.42233 0.13075
"24" 889 4585271.35199999 6525633.086 249.604919999999 2384.40916 1342.43536999999 131.816789999999 306.91759 2407.54784 3406.81665 1547.78404 1385.03251 248.964499999999 3143.39604999999 4172.00813 0 0.43073 0.1349
"25" 1273 4585036.49199999 6524671.91399999 819.53628 1590.38866 801.438449999999 205.400119999999 991.531029999999 1436.08085 2418.02422999999 1489.42516 1094.43582999999 204.105739999999 2154.7889 4126.66478 0 0.46833 0.25964
"26" 1855 4584921.331 6524499.99199999 769.61139 1519.13618999999 595.33226 230.051369999999 1189.0669 1230.42294999999 2221.67057 1407.02374 1173.27133 124.90783 1958.10509 4188.14508 0 0.51136 0.24262
"27" 1855 4584909.11899999 6524503.899 757.396479999999 1529.95400999999 591.223259999999 242.77937 1196.12593999999 1228.43584 2222.41071999999 1394.30879 1177.62854999999 112.166939999999 1958.806 4200.9637 0 0.51136 0.24262
"28" 1195 4584868.324 6524882.949 615.77137 1858.94831999999 911.023149999999 475.1075 1006.39865999999 1563.43804 2583.14346999999 1286.07913 1305.16296 2.19452 2319.62613 4347.179 0 0.62813 0.19074
"29" 1241 4584819.031 6524592.455 673.33532 1655.72898 622.901839999999 348.601249999999 1210.72538 1273.45452999999 2288.64127 1289.77719 1246.19144 6.45738 2025.09260999999 4312.53016999999 0 0.61462 0.19708
"30" 1091 4584855.54499999 6524565.75999999 706.65372 1611.77808 615.17619 307.025449999999 1199.03701 1262.33604999999 2270.15767 1330.49324 1227.41084999999 47.49895 2006.50781 4269.92828999999 0 0.52439 0.23813
"31" 1239 4584766.65799999 6524393.625 624.50913 1547.32516 421.49714 385.626149999999 1302.81979 1069.27311 2083.38684 1273.97733999999 1040.94461 5.89297 1819.89093 4306.18144 0 0.56395 0.23141
"32" 1702 4585110.461 6523481.41199999 1151.4833 794.711999999999 166.394299999999 171.68636 1043.10803 750.86908 1356.84049 1783.95669999999 215.788589999999 421.685229999999 1113.47024 3721.39591 0 0.29738 0.4023
"33" 2726 4584659.60099999 6523489.644 708.913369999999 1236.69860999999 185.82998 93.3354999999999 671.343219999999 308.29239 1177.97387 1340.09516 133.89026 65.5625699999999 914.431649999999 4156.84072 0 0.37093 0.30293
"34" 3481 4584635.44699999 6523593.39199999 663.548829999999 1282.70157999999 93.4051199999999 190.52905 713.210339999999 331.71273 1273.19937 1296.23568999999 230.63227 21.6584 1009.56029999999 4208.97080999999 0 0.38462 0.30089
"35" 963 4585072.39199999 6525572.76599999 65.7788199999999 2386.93143999999 1378.97828 244.85049 513.143069999999 2282.39222 3300.22749999999 1362.89779999999 1480.24282999999 65.8721299999999 3036.58415 4344.70358 0 0.434 0.13739
"36" 2794 4584870.791 6523428.03299999 928.32649 1017.18434 381.00769 73.3523399999999 813.25714 507.72199 1192.27047999999 1559.23316999999 116.03771 284.709479999999 936.1742 3936.85107 0 0.29016 0.3415
"37" 1190 4585030.23599999 6525658.91199999 7.98409 2482.331 1474.51702 220.50771 516.366049999999 2352.13918999999 3375.79858 1305.9509 1569.96732999999 7.77322 3112.26054 4410.16527 0 0.38725 0.14358
"38" 1276 4585053.256 6525760.52199999 11.22667 2570.28137999999 1551.5079 169.990289999999 453.790129999999 2456.11625999999 3479.95566 1310.34203 1625.62591999999 9.82363999999999 3216.41143999999 4417.80044999999 0 0.39262 0.13782
"39" 1263 4585127.53399999 6525640.34999999 107.03627 2432.66064999999 1410.51464 157.654889999999 435.17725 2363.96709999999 3378.33183999999 1405.00051 1487.53990999999 106.82338 3114.66796 4311.68587999999 0 0.41643 0.13674
"40" 1064 4585085.036 6525402.32799999 129.844529999999 2222.98298 1229.19895999999 388.7284 571.335029999999 2125.29797999999 3136.89836 1405.95562999999 1356.78888 109.190989999999 2873.23639999999 4282.87348 0 0.47788 0.14392
"41" 1191 4585009.37399999 6525414.875 77.83964 2263.07004999999 1283.94869999999 376.001629999999 635.24192 2112.76575999999 3132.58921999999 1329.27105 1423.38193 32.49765 2868.98738 4358.92645999999 0 0.45647 0.14296
"42" 1345 4585056.887 6524733.17599999 759.924849999999 1631.86719999999 806.126399999999 248.75851 937.21658 1499.79619999999 2482.54505 1498.48202999999 1087.02206 212.08626 2219.32439 4124.33921999999 0 0.46977 0.25626
"43" 3804 4586664.70399999 6524522.99399999 1750.60062999999 1321.16415 370.66658 126.171679999999 62.6647099999999 2559.03729 3166.4852 3117.89903 14.65283 30.90596 2831.00619999999 2521.34196 9 0.09465 0.49019
"44" 4545 4586839.423 6524491.338 1676.8803 1324.45652999999 520.89837 118.19325 161.729029999999 2704.32465 3274.96774 3295.46286999999 12.45006 208.455109999999 2924.44133999999 2344.17309999999 13 0.07857 0.48469
"45" 4478 4586858.262 6524486.866 1670.76819999999 1323.77366 537.812249999999 132.013849999999 171.651199999999 2719.79662 3286.33518999999 3314.79822 13.30011 227.80088 2934.21601999999 2324.81275999999 13 0.09082 0.47761
"46" 3046 4587143.484 6524431.44199999 1592.72394 1325.47415999999 808.663829999999 212.228489999999 332.051049999999 2963.88556 3474.45343 3605.33755999999 11.57643 131.468189999999 3101.40907 2034.67897999999 9 0.11882 0.45691
"47" 3156 4586246.64499999 6524493.45399999 1604.39894 1210.05427 174.838079999999 361.85246 254.001489999999 2175.82927 2854.49461999999 2711.94948 112.66615 127.179239999999 2554.54217999999 2914.91773 2 0.09779 0.51648
"48" 2997 4587102.747 6524073.127 1943.15199 966.140599999999 455.194219999999 62.633 54.00507 2819.80679 3237.83921 3629.63589 101.79747 152.189619999999 2843.0542 1975.44112999999 7 0.03823 0.52377
"49" 2894 4586457.417 6524194.73599999 1957.85281 958.575389999999 191.260819999999 507.818499999999 317.20656 2238.36617999999 2792.11475999999 2972.95812999999 377.152339999999 109.39937 2447.40974999999 2628.70316 3 0.04286 0.56005
"50" 1936 4586758.37 6523991.724 2152.2881 818.65652 515.27646 385.585019999999 251.413039999999 2465.952 2905.20931999999 3305.48673999999 423.97424 4.71414 2522.46646 2282.42167999999 1 0.02831 0.56106
"51" 3332 4586140.957 6524065.109 1832.15481999999 769.2928 343.33179 417.17556 631.20708 1896.53706 2471.44671 2684.93517999999 107.759889999999 45.20812 2145.04779999999 2895.20028 4 0.05101 0.58541
"53" 4762 4586200.41799999 6523867.911 2024.39499 587.622759999999 497.181379999999 611.240409999999 730.696329999999 1894.61799999999 2384.46289999999 2778.90378999999 204.892609999999 169.690809999999 2032.64337 2782.12618 2 0.02632 0.61552
"54" 4472 4586562.00299999 6523641.56699999 2426.99521 436.74108 324.616319999999 460.25157 635.41596 2211.21221 2551.54192 3177.05335 541.980639999999 18.3304499999999 2151.66244 2371.08478999999 15 0.01314 0.70073
"55" 3170 4586011.22699999 6523565.786 2014.55268999999 254.21259 331.51566 438.99684 1079.21548 1655.55311 2049.32434 2651.14292999999 77.9916199999999 163.586109999999 1683.38124999999 2877.57897999999 13 0.03465 0.68506
"56" 4993 4586638.19 6523294.23799999 2684.50696999999 111.153379999999 71.27804 309.82756 823.48558 2277.121 2464.73534 3318.9297 216.12737 242.59011 2034.10383999999 2200.12851 22 0.04976 0.92923
"57" 9308 4586977.053 6523068.587 2941.68116999999 0 39.17499 74.9118699999999 740.421109999999 2634.71003 2712.47449 3695.19039999999 30.0441399999999 469.14391 2261.54062 1812.83477999999 60 0.07056 1.0604
"58" 3550 4586036.62799999 6523274.337 2100.47969999999 0 142.10978 208.1655 1115.88886 1677.90553999999 1913.23210999999 2732.70845999999 79.50852 343.48286 1510.8858 2773.79750999999 12 0.02766 0.68866
"59" 903 4587494.927 6525461.63999999 508.20508 2404.64508999999 1606.698 477.08645 1313.69125 3747.25520999999 4415.95233999999 3765.98190999999 1067.46830999999 139.741579999999 4084.00376 2023.63501999999 0 0.61981 0.09983
"60" 1726 4587407.77199999 6525472.269 545.28098 2397.94164 1552.90166999999 561.778209999999 1259.49755 3680.70366999999 4362.14407 3678.33494999999 1061.09425 227.241279999999 4035.75104999999 2106.539 0 0.63694 0.09563
"61" 1288 4587290.73099999 6525142.22699999 886.46019 2051.33559999999 1241.02035999999 493.88028 943.038009999999 3404.68440999999 4046.83795999999 3622.49247999999 714.28129 274.90582 3709.18582999999 2097.28569999999 0 0.68694 0.09658
"62" 1208 4587308.21499999 6525036.48099999 972.01899 1951.08711999999 1190.09809999999 422.93308 879.38801 3367.18352 3987.51616 3658.68924999999 614.28683 236.33715 3642.73428999999 2049.70287 0 0.61529 0.13651
"63" 1150 4587184.00899999 6525008.58 1055.75347 1899.32385999999 1073.92179 323.58323 772.816289999999 3245.23172 3877.44444999999 3541.51657999999 561.21419 352.30223 3538.40745999999 2160.35946 0 0.53529 0.19509
"64" 1331 4588312.837 6523415.747 2341.91325999999 790.73229 556.622449999999 68.7571499999999 445.77762 3949.17925 4092.54494999999 4938.75676 661.28623 21.1574099999999 3640.17720999999 628.32806 2 0.17827 0.33421
"65" 1450 4588208.28799999 6523206.989 2566.63693999999 599.22073 347.0162 283.389149999999 224.01839 3849.61454 3941.09922 4876.06321 436.187349999999 52.9254699999999 3484.23 669.1947 3 0.09 0.45426
"66" 1556 4587808.13499999 6523451.34599999 2402.09502 498.362639999999 428.1542 569.73797 117.535579999999 3444.79473999999 3618.32762 4436.56333999999 597.983389999999 63.30176 3172.01454999999 1122.32184 6 0.07968 0.49292
"67" 1654 4587849.053 6523464.32699999 2381.63353 524.460419999999 433.452719999999 529.30691 155.42992 3485.91157 3661.25451999999 4474.24280999999 618.67978 100.91231 3214.90673999999 1086.78214 4 0.08567 0.49101
"68" 2574 4587623.11799999 6523560.387 2329.88765999999 565.64575 503.747239999999 411.486049999999 63.36927 3263.22859999999 3478.96738999999 4234.10681 507.761669999999 139.64436 3039.74249 1330.70224 1 0.07222 0.52909
"69" 6162 4587437.148 6523434.28 2488.79095999999 405.4556 364.19495 250.043849999999 156.99392 3073.62818999999 3261.18136 4075.68782 361.508519999999 13.2657399999999 2819.57918999999 1473.13255 3 0.05 0.65861
"70" 4256 4587473.116 6523404.53799999 2511.21963999999 383.360569999999 410.323599999999 291.046589999999 152.893319999999 3109.43949 3285.45838 4116.68029999999 396.739599999999 35.3884899999999 2841.96358 1430.18843999999 6 0.05239 0.65892
"71" 3788 4587240.57199999 6523472.979 2487.92783 404.774069999999 186.878649999999 49.69525 268.158509999999 2877.74143999999 3090.33383 3875.33937999999 175.63434 13.804 2654.41667 1672.59434 4 0.03077 0.71626
"72" 2990 4587841.22599999 6523170.489 2671.67828999999 268.52172 150.82964 401.136579999999 59.69187 3485.32594999999 3575.15599999999 4523.07448 328.94333 150.315529999999 3119.58701 1010.73896999999 2 0.08488 0.56677
"73" 3660 4587743.665 6523154.559 2705.71489999999 198.39536 202.57292 359.544129999999 139.429699999999 3389.12069 3476.54997 4430.47098 294.323489999999 57.7601599999999 3021.21912999999 1099.74585 0 0.07884 0.62537
"74" 4421 4587470.855 6523134.512 2776.82990999999 118.15504 265.262479999999 237.091379999999 344.807929999999 3118.77329999999 3206.8036 4166.76069 221.56361 205.9378 2753.03666999999 1355.57098999999 7 0.07398 0.8443
"75" 5568 4587219.855 6523160.468 2798.65641 94.2845599999999 191.058459999999 243.4255 504.535169999999 2866.47281999999 2971.0407 3915.50205 189.898959999999 324.318919999999 2520.878 1604.01126999999 13 0.07119 1.01762
"76" 3071 4588279.065 6522679.007 3071.81019999999 669.869609999999 494.559039999999 32.74166 99.4189999999999 3981.79689 3931.36463 5048.09429 32.19859 365.515139999999 3466.84043 453.957929999999 2 0.05333 0.49797
"77" 909 4588153.74899999 6525782.313 47.76793 2848.52169999999 1417.91753999999 223.11061 2003.53103 4474.91320999999 5114.87023 4356.47365999999 1511.13358999999 441.437419999999 4766.0509 1681.75179 0 0.40333 0.14363
"78" 2009 4585129.466 6522808.95199999 1389.57593999999 698.6385 159.91854 74.50297 471.35619 873.71049 894.656169999999 1944.59852999999 439.842159999999 120.019469999999 533.32817 3512.0462 3 0.12469 0.52368
"79" 1870 4585423.08 6522724.074 1686.27025 456.437959999999 208.813839999999 70.30437 450.38562 1179.27354999999 1125.56348 2249.19615999999 338.626199999999 94.4147399999999 693.98391 3206.42009 0 0.08402 0.58509
"80" 3385 4585638.89499999 6522669.012 1902.81032 342.683879999999 65.1767499999999 276.25574 438.37083 1401.76390999999 1316.63313999999 2471.63677999999 116.134399999999 81.1163499999999 866.022429999999 2983.86734999999 4 0.07621 0.63532
"81" 2452 4585669.63399999 6522436.803 2044.87547999999 547.336419999999 209.853209999999 265.12326 216.401129999999 1513.23550999999 1311.02013 2547.66224 39.3104299999999 140.360359999999 846.25615 2889.35793999999 22 0.106 0.58549
"82" 1233 4584752.68499999 6521697.18599999 2007.01307999999 1651.60095999999 1004.82315 235.031939999999 692.013619999999 1449.30925999999 524.40097 1792.40466999999 795.801219999999 566.492259999999 540.897799999999 3572.01006999999 0 0.24788 0.34946
"83" 1524 4585056.74199999 6522898.11699999 1281.57571 756.56694 162.792409999999 153.112719999999 544.60131 780.003249999999 885.319569999999 1855.68738 366.627659999999 192.947859999999 575.975149999999 3607.20091 2 0.16264 0.42334
"84" 4963 4586469.967 6522875.854 2610.21783 0 397.40257 116.99706 811.14255 2169.14863999999 2173.05792999999 3239.2923 73.83131 160.793039999999 1719.93105999999 2246.55002 10 0.04849 0.91518
"85" 8523 4586890.622 6522673.393 3069.65016 80.49491 166.998169999999 188.832809999999 692.700939999999 2621.73397 2549.72244 3697.75356 38.16029 317.059959999999 2086.75032 1785.57003 10 0.06505 0.99375
"86" 3295 4585968.99199999 6522803.599 2152.62256999999 128.838089999999 302.829119999999 323.69162 641.080289999999 1692.64140999999 1670.26956999999 2768.62354 181.25752 278.2463 1222.34627999999 2705.97096999999 6 0.03512 0.59819
"87" 5528 4586770.479 6522517.04499999 3003.79214 256.92279 56.90878 70.78041 516.31109 2535.58287999999 2414.77264999999 3610.9346 125.062659999999 154.275949999999 1950.01333999999 1856.01903999999 11 0.04303 0.86918
"88" 6566 4586375.13599999 6522449.264 2662.0987 399.015609999999 346.23311 405.53973 374.22079 2170.09837 2016.09048 3236.78562 508.481749999999 10.91698 1551.15433 2215.5318 4 0.01034 0.63394
"89" 3547 4586155.262 6522567.82 2413.06905 324.669309999999 461.32744 505.5862 446.87205 1926.08916999999 1806.94694 2997.81781 410.027179999999 83.5453799999999 1343.85581 2460.10312 19 0.02784 0.61754
"90" 1639 4586800.536 6521929.813 3276.11567999999 827.584519999999 330.671109999999 354.04773 54.41179 2752.52925999999 2474.97843 3756.45704999999 523.7924 50.43104 2023.10248999999 1663.8839 1 0.03951 0.48494
"91" 1800 4585795.04999999 6521498.86099999 2751.04149999999 1442.76811999999 786.096329999999 266.99187 672.25832 2173.22467 1575.14623 2853.4479 265.248969999999 563.24067 1303.31727 2511.82045 2 0.21435 0.30754
"92" 3078 4588018.241 6522657.60599999 3141.99602999999 418.044309999999 283.22491 38.98565 298.92439 3729.84369999999 3669.66472999999 4796.99254999999 12.73635 113.575739999999 3205.14750999999 699.173999999999 1 0.04797 0.60104
"93" 5745 4587047.461 6522642.13999999 3228.99072999999 81.19531 196.912229999999 153.997099999999 692.34838 2781.65500999999 2701.81042999999 3857.25167999999 121.76146 331.71186 2238.03314 1626.3411 10 0.06614 1.00684
"94" 2264 4587951.06699999 6522464.02699999 3344.76764 398.093579999999 110.654439999999 234.972739999999 483.33483 3702.63038 3591.38765 4776.24211999999 190.23256 85.1452 3126.48154999999 709.533379999999 7 0.03855 0.61698
"95" 3990 4587396.03899999 6522468.55999999 3444.94635999999 184.95329 239.110309999999 342.79284 589.5247 3157.82778999999 3036.86356999999 4233.73833 294.403759999999 150.58963 2571.92479999999 1242.69310999999 11 0.04506 0.80511
"96" 2587 4587623.84399999 6522385.18699999 3483.87996 238.23238 154.59717 331.41779 549.918779999999 3397.59902 3262.54329 4473.52707 331.607449999999 89.1157299999999 2797.89424999999 1000.56235 2 0.03061 0.65914
"97" 3542 4587636.94 6522319.983 3545.4463 304.708939999999 88.91831 264.91919 488.282039999999 3424.16881999999 3275.58807999999 4499.25211 392.987939999999 114.70922 2811.40365 969.3766 3 0.03962 0.64736
"98" 1287 4588228.855 6522169.58499999 3581.56449 785.97365 260.4845 459.096209999999 456.917829999999 4034.70094999999 3871.57178999999 5109.21565 423.313429999999 101.22566 3408.78591999999 359.16725 2 0.08974 0.49298
"99" 1299 4588425.672 6522102.446 3612.67326 987.418159999999 105.23044 519.80438 403.598299999999 4241.60718999999 4071.71586999999 5315.41989999999 365.8244 74.5532199999999 3609.64206 151.371039999999 5 0.12419 0.46095
"100" 1981 4588102.751 6522185.114 3590.08534 676.379369999999 355.30461 360.154729999999 447.64897 3908.34293999999 3744.89345999999 4982.52973 433.978909999999 91.8001399999999 3281.99602 484.449799999999 2 0.06976 0.50803
"101" 4335 4587432.932 6522321.18499999 3582.7237 322.559689999999 97.3701899999999 363.150109999999 451.56812 3225.18377 3071.57700999999 4299.02970999999 431.71866 85.59618 2607.40733 1165.22073999999 8 0.03963 0.66829
"102" 2880 4587430.11 6521984.19699999 3815.02493999999 653.875149999999 213.1862 111.51255 119.92037 3317.27088 3090.34853 4362.86474999999 716.11733 22.43062 2632.6017 1072.00545 2 0.09212 0.50342
"103" 1047 4587121.29999999 6521894.025 3575.52840999999 801.40633 416.93817 190.80937 26.75319 3060.84412 2797.22670999999 4077.96639 601.871499999999 53.9153299999999 2344.22112 1345.26614999999 5 0.09671 0.46603
"104" 1099 4587247.741 6521858.07699999 3704.46408999999 812.52602 377.684309999999 74.3307099999999 37.8806 3191.41440999999 2927.87426 4209.01814999999 692.38098 64.65487 2475.34729 1213.81619999999 1 0.12392 0.43902
"105" 1538 4588028.347 6521617.808 4161.24686 1096.11614 548.29538 163.833339999999 123.244979999999 4005.41715 3739.23147 5021.71360999999 992.41318 19.5969599999999 3289.60134 397.37153 3 0.2961 0.29301
"106" 631 4588233.41299999 6521381.09599999 4355.71010999999 1398.56797 644.98265 176.974089999999 316.091729999999 4284.95277999999 3986.11221999999 5268.64321999999 1086.98172999999 211.218459999999 3548.13104 136.205279999999 3 0.40692 0.21558
"107" 916 4587742.23 6521162.694 4477.64760999999 1465.98774 151.48625 373.51328 625.80506 3939.71079999999 3546.99576999999 4828.89195 1507.30061999999 521.7214 3156.41969 545.795859999999 0 0.40271 0.18137
"108" 855 4587932.05399999 6521326.797 4465.19240999999 1339.19679999999 356.897829999999 122.761359999999 427.475239999999 4033.05072 3700.89089999999 4983.44632 1282.29059 323.77807 3276.69349999999 409.97935 1 0.43188 0.17729
"109" 1042 4587908.841 6521265.33 4529.93303 1393.073 317.98583 181.774169999999 492.31364 4039.26791 3689.97301 4972.54262999999 1346.07733 388.589659999999 3274.92437 414.89497 1 0.41623 0.17379
"110" 753 4587723.5 6521391.73699999 4344.36948 1236.27187 225.96556 306.55552 404.95972 3817.07247 3483.72647 4766.27674999999 1286.32031 300.703089999999 3058.32103 628.38322 1 0.35547 0.21274
"111" 836 4587719.14099999 6521449.62999999 4312.29783 1178.25699 273.82611 314.57227 349.064459999999 3787.99281 3468.28058 4750.81859999999 1230.39517 244.7322 3036.13664 648.909779999999 2 0.34461 0.22296
"112" 792 4587797.71899999 6521378.171 4415.69531999999 1260.14472999999 265.52298 233.31035 403.61516 3889.73396 3559.16796 4841.71802 1285.13886999999 299.562079999999 3132.99706 553.35423 2 0.37627 0.20439
"113" 1139 4588011.882 6521388.802 4389.25068999999 1303.33993 454.17633 21.72464 351.103689999999 4079.16813 3767.25635 5049.79507 1186.13707999999 247.437039999999 3333.67988999999 350.90374 1 0.40988 0.19644
"114" 1091 4586543.71399999 6520942.54999999 3670.71342999999 1845.73369 769.55475 533.65755 1072.53349 3096.42812999999 2467.70794999999 3695.40965999999 1144.56331 967.91016 2233.67329999999 1693.56872999999 0 0.55667 0.12053
"115" 4930 4586343.461 6522874.87 2488.26582 0 437.04678 165.867179999999 785.11854 2045.38084 2050.2881 3116.98516 100.44996 36.97695 1599.13322999999 2367.49166999999 9 0.03621 0.89559
"116" 1937 4585782.456 6524374.92999999 1368.43577 1049.95142 20.08699 46.01769 666.714669999999 1719.65154 2473.74656 2276.60649999999 304.231029999999 186.831289999999 2221.04194 3327.03749 3 0.13524 0.48386
"117" 996 4586428.007 6520887.939 3629.32227 1921.45281999999 833.352809999999 540.294939999999 1148.20808 3052.35824 2384.85865 3592.42909999999 1068.8676 1043.8964 2182.68461999999 1809.11166 0 0.63222 0.08538
"118" 1742 4585580.27099999 6524416.69199999 1225.31021 1129.66832999999 209.20694 145.274049999999 778.47941 1583.43811 2399.28708999999 2070.20832999999 510.676179999999 186.993429999999 2149.14051 3532.74884999999 2 0.17851 0.42522
"119" 1434 4586529.20899999 6520915.26599999 3679.82229 1875.28720999999 797.114469999999 551.03357 1102.08312 3104.81505 2465.33584999999 3686.44705999999 1143.81433999999 997.49225 2240.16355 1707.77678999999 0 0.60444 0.10791
"120" 880 4586566.58999999 6520933.733 3693.15232999999 1850.01594999999 778.473259999999 552.722399999999 1076.82617 3119.10966999999 2492.20697 3719.55776999999 1168.99687999999 972.115559999999 2256.91492 1670.55085 0 0.61526 0.10365
"121" 1111 4586701.898 6521076.23 3694.12708 1684.28467 653.33658 534.13529 910.923829999999 3126.04014999999 2567.01184 3824.81347 1243.17146 806.068869999999 2279.0073 1544.00658999999 0 0.48 0.15602
"122" 1142 4586220.404 6521592.79999999 2991.68931 1269.26406999999 352.092229999999 145.500529999999 495.92187 2427.28521 1970.07859 3252.64921 664.691889999999 391.275309999999 1596.56964999999 2127.14696999999 1 0.11412 0.34449
"123" 1786 4585282.718 6524024.68499999 1206.03737999999 922.92217 393.654749999999 394.51594 1266.76944 1109.45281999999 1911.32903 1848.11078999999 725.849399999999 144.715789999999 1659.02154999999 3706.50196999999 0 0.17477 0.48129
"124" 2068 4585000.57299999 6524081.808 918.186749999999 1164.99504 224.222769999999 402.06362 1295.65576 930.67316 1845.95066999999 1560.24912999999 782.5582 145.85853 1584.66356999999 3993.24796999999 0 0.32685 0.37099
"125" 3397 4585972.5 6522703.07 2192.02766 226.842989999999 276.091949999999 410.480119999999 543.23873 1716.24701 1649.24261999999 2791.93042999999 204.36435 180.40484 1193.80387999999 2673.88342 3 0.03458 0.57827
"126" 1997 4585116.16399999 6523993.55399999 1049.7082 1019.76192 230.751669999999 460.247909999999 1337.8195 956.43073 1808.52209999999 1690.58427 718.970329999999 81.78063 1551.08284 3857.34717 2 0.33593 0.38269
"127" 3489 4586466.195 6521865.847 3023.90691 954.273869999999 175.947069999999 136.720179999999 180.964699999999 2482.77271 2158.57333 3441.07486999999 715.505869999999 76.94383 1716.05253999999 1968.39032999999 9 0.03568 0.442
"128" 3615 4587230.661 6522041.94799999 3609.42533 635.30857 234.56691 148.92389 139.6182 3109.93416999999 2885.66235999999 4155.93566 533.375859999999 91.34102 2426.99816 1279.63742 2 0.06844 0.53873
"129" 1206 4587250.33899999 6525926.46899999 479.61408 2812.3523 1824.82075 798.773559999999 1468.6527 3834.02214999999 4597.44132999999 3441.86373999999 1474.68254 472.55727 4303.85912 2469.44693999999 0 0.70389 0.04616
"131" 1076 4584351.308 6525361.82 187.08811 2548.83568 1353.81378999999 502.17509 1257.42118 1923.36093 2953.19473999999 691.443489999999 1909.35553 603.4977 2755.91908 4974.29334999999 0 0.67676 0.04763
"132" 1836 4587363.842 6524733.439 1234.38148 1664.88359999999 1095.49525999999 351.549089999999 701.75045 3281.85012999999 3833.38349999999 3767.85478999999 327.65266 68.69319 3467.66854999999 1908.05796 0 0.38661 0.28332
"133" 1836 4587407.62899999 6524722.91999999 1232.26844 1663.17291 1132.99674 395.49844 725.04393 3317.72704999999 3861.29968999999 3812.81845999999 325.754759999999 75.3895399999999 3492.74717 1863.10788 0 0.40207 0.27343
"134" 1049 4584376.285 6525359.08 187.492109999999 2531.62941 1347.42149999999 488.619889999999 1235.75096 1923.92140999999 2955.32754 716.506579999999 1911.54716 578.473899999999 2752.65754999999 4949.57995 0 0.68242 0.04759
"135" 1881 4585256.52599999 6523940.632 1198.04569999999 880.18353 343.72518 482.062729999999 1345.16077999999 1042.12142999999 1825.14365999999 1838.4773 694.81028 57.1735499999999 1573.72973999999 3707.73291999999 5 0.2218 0.46932
"136" 966 4586459.66399999 6525329.87299999 1397.27462999999 2072.02358 991.922519999999 703.25805 489.261189999999 2846.97152999999 3644.43172 2771.23545 736.593179999999 506.978779999999 3380.45249 2946.93697999999 0 0.61455 0.05524
"137" 898 4586697.40699999 6525206.05599999 1250.82426 1997.33638999999 932.262659999999 506.397269999999 568.107539999999 2949.00052999999 3689.64478999999 3027.35451 661.61863 406.585809999999 3397.53393 2683.40927 0 0.49158 0.16097
"138" 2638 4584793.802 6523558.098 825.78474 1120.46049999999 251.700749999999 186.246409999999 821.014969999999 457.16786 1283.10431999999 1458.43147999999 228.00709 183.85594 1021.61356999999 4046.98082999999 0 0.31393 0.34105
"139" 4864 4587284.57899999 6522665.286 3272.75871 13.15647 42.1410699999999 180.99707 761.55205 3009.39123 2940.04133 4080.66100999999 123.27566 298.37191 2476.21315 1405.74278 12 0.06012 0.92864
"140" 1238 4586747.08999999 6525168.075 1232.69812999999 1969.85776 918.263329999999 454.68139 576.552649999999 2965.71369999999 3692.22791999999 3083.05272999999 634.16669 373.1745 3393.77329 2624.80465999999 0 0.60542 0.14023
"141" 4264 4585543.63499999 6522808.36 1756.47033 309.635339999999 223.098909999999 217.32282 556.80888 1274.81169999999 1267.89064 2350.71552999999 236.763479999999 199.86009 840.73661 3114.95375999999 0 0.0818 0.62204
"142" 670 4585380.086 6529204.55499999 1756.32413999999 5896.12805 750.548829999999 363.435909999999 1258.84799999999 5888.12492 6922.24423999999 1934.09653 4674.11816999999 336.115009999999 6667.05572 6083.65211999999 0 0.81426 0.02789
"143" 778 4586066.75899999 6525446.83999999 1065.92557 2123.5165 1088.89690999999 597.81213 296.92612 2660.25777999999 3535.28823999999 2363.70958999999 854.277259999999 337.749639999999 3282.2552 3356.87321 0 0.72727 0.00122
"144" 1045 4584929.791 6526420.81699999 0 3236.25896999999 2200.97911999999 461.5126 296.31213 3070.06824 4103.93976999999 1070.25984999999 2220.35386 240.419579999999 3847.76389999999 4755.68116 0 0.32643 0.07264
"145" 945 4584985.614 6526257.88499999 0 3064.10336 2029.21493 299.00484 312.032879999999 2921.6532 3954.84772 1154.44618999999 2054.50685999999 155.169139999999 3694.43649999999 4642.20452 0 0.30083 0.12737
"146" 895 4584809.199 6526147.614 0 3017.59576999999 2008.27422999999 302.93141 518.12156 2778.56316 3812.59785999999 1000.71249 2076.48669999999 307.904299999999 3562.00009 4768.84462999999 0 0.30138 0.12421
"147" 965 4586425.80499999 6525183.93599999 1468.72539 1922.27916 843.108269999999 598.033509999999 361.25839 2724.59369999999 3506.06673 2764.14582 586.887029999999 366.995749999999 3236.58469999999 2936.73217 0 0.30364 0.25484
"148" 1000 4588931.882 6524528.824 1144.48719 2009.58446 128.9487 553.763069999999 1673.60927999999 4704.84115 5063.16946 5347.14166 447.438829999999 458.532629999999 4638.66502 348.5643 0 0.29607 0.21029
"149" 1468 4584829.625 6524640.597 691.812369999999 1686.01626 671.21838 353.8326 1172.54456 1322.22184999999 2337.92932 1291.54967 1290.80157 7.40124 2074.3777 4316.0765 0 0.58944 0.21097
"150" 773 4587563.04899999 6526224.43499999 227.740479999999 3165.95571 2105.80078999999 755.854839999999 1900.32912 4265.60405999999 5026.04331 3695.9549 1829.08675999999 223.92533 4727.07114999999 2411.77547 0 0.42111 0.07867
"151" 4667 4587346.01699999 6522357.44199999 3563.50187999999 303.583419999999 134.17015 379.77564 471.04878 3132.24848999999 2984.53623999999 4206.66381 413.15906 111.05279 2520.06163999999 1258.87143999999 9 0.0474 0.68156
"152" 667 4587289.78799999 6526129.234 475.34757 3018.91552 2021.31997999999 871.5728 1641.15769 3999.17605999999 4780.94318 3444.24321 1681.24901999999 473.2008 4494.35707 2556.27095 0 0.73333 0.01202
"153" 735 4587346.212 6526287.178 452.871919999999 3184.86812999999 2187.38398 938.352999999999 1793.58610999999 4148.84001999999 4940.62922999999 3471.37384 1847.09441999999 448.8575 4657.55217999999 2613.85669 0 0.66667 0.00302
"154" 762 4587633.831 6526146.666 142.381859999999 3103.61018999999 2001.31810999999 652.289009999999 1895.35695 4268.55177999999 5012.26158 3779.55652 1766.42074 139.262779999999 4705.76976 2306.87514999999 0 0.45 0.09837
"155" 1008 4584372.519 6525271.786 274.756869999999 2464.55807999999 1261.59051999999 562.27326 1274.90019 1836.95973 2868.94929 728.484829999999 1825.20005999999 564.82614 2665.44288999999 4928.83363 0 0.72939 0.04569
"156" 538 4585565.699 6529621.54399999 2180.51065 6299.34331 340.12668 139.597829999999 1602.70337999999 6333.35337999999 7367.21983 2372.50135 5056.76241 292.876149999999 7107.47889 6295.95545 0 0.75475 0.04349
"157" 7768 4586329.281 6523195.78299999 2403.09724999999 0 172.412479999999 194.70014 1096.86352 1976.51621 2141.85055999999 3035.04874999999 59.4156699999999 40.9354799999999 1714.98366 2470.80952999999 21 0.03646 0.80578
"158" 1979 4583824.45399999 6522330.978 1209.07527 2084.81437 1207.06709 248.653919999999 664.65556 833.683369999999 0 759.239379999999 1166.01456 210.68056 531.074569999999 4634.02355999999 0 0.25562 0.19253
"159" 946 4585566.45 6529526.052 2085.41352 6203.94178 391.478949999999 120.16724 1563.19962 6239.85088999999 7273.6691 2299.06399999999 4962.0267 230.42031 7013.3725 6218.93303 0 0.77391 0.04009
"160" 2273 4587744.30999999 6523717.24 2153.00077999999 743.254329999999 629.51322 524.062419999999 260.15174 3395.18816999999 3648.66748 4324.69808 593.583669999999 50.69408 3214.12771999999 1259.13553999999 3 0.10225 0.45654
"161" 1551 4587549.297 6521174.463 4308.74758 1446.18831 56.21969 531.29564 652.332049999999 3766.18562 3356.09533999999 4637.31876 1436.11412999999 547.66538 2974.33039 734.215959999999 0 0.37317 0.19253
"162" 90 4585186.15299999 6524694.55599999 819.520409999999 1535.31913 672.883199999999 191.60193 860.78078 1531.03833 2485.34448 1632.58304999999 952.586279999999 346.41667 2223.43470999999 3989.43154999999 0 0.40367 0.28147
"163" 1408 4586354.882 6523145.82699999 2438.60125999999 0 221.290089999999 154.23472 1052.96877999999 2007.7686 2146.37572 3069.87195999999 15.39696 5.62105 1714.30028999999 2432.60644 20 0.03776 0.90816
"164" 536 4585666.32199999 6522343.94699999 2093.44291 638.259639999999 259.511369999999 265.634059999999 124.640469999999 1551.62528999999 1304.84661 2562.76722 23.5043599999999 83.7642599999999 840.749699999999 2867.60937999999 23 0.1154 0.57968
"165" 850 4586600.77199999 6523210.79499999 2665.41055999999 21.98382 110.454049999999 219.18986 907.9188 2245.35282999999 2399.02548999999 3298.4441 126.99597 221.93179 1963.70632 2213.57396999999 35 0.05073 0.94313
"166" 136 4585028.375 6525743.71499999 0 2562.66721 1548.78277 196.02877 483.370029999999 2433.07569 3458.60264999999 1288.88438999999 1630.76831999999 11.14541 3195.11414999999 4436.69441999999 0 0.36881 0.13995
"167" 1032 4587568 6521171 4326.29929999999 1449.31204 44.26413 515.972459999999 652.037329999999 3784.08977999999 3375.10109999999 4656.33823 1447.92964 547.328769999999 2992.85039 715.2957 0 0.37213 0.19229
"168" 1168 4587884 6521462 4341.47217999999 1196.21246999999 385.67712 154.85011 304.41081 3932.49852 3627.65542999999 4910.18382 1186.06066 200.52913 3190.07826999999 494.246129999999 1 0.36989 0.2206
"169" 1087 4587349 6525448 600.48368 2362.59751 1495.08081999999 623.32911 1200.72962 3618.47748 4303.80349999999 3624.87924 1025.47336999999 279.869079999999 3979.61027 2149.42731999999 0 0.66063 0.08904
"170" 1172 4587711 6522737 3121.94468999999 101.26648 331.289069999999 116.422229999999 459.94348 3412.97317 3371.79113999999 4479.95341 30.45917 106.55414 2908.21216999999 1016.42957999999 3 0.0357 0.71549
"171" 1006 4587888 6521253 4545.97091 1400.40974 295.28813 204.984139999999 508.51335 4026.19873 3671.90207 4954.47522 1368.03295 404.744269999999 3259.51922999999 431.41273 1 0.41947 0.17167
"172" 1575 4585680 6522537 2001.88399 448.116129999999 115.6491 286.2705 316.72241 1483.58831 1331.70279 2538.02106999999 49.32397 40.1155199999999 870.11273 2906.84934 14 0.11219 0.59597
"173" 1456 4585539 6523790 1505.81854999999 578.76224 344.30047 558.856679999999 1251.80376 1237.33654 1860.13046 2144.54539 429.584929999999 35.6229099999999 1588.61278999999 3394.08717999999 4 0.16525 0.53339
"174" 1243 4584530 6523058 754.9496 1283.59768 515.13504 322.147299999999 325.61407 231.81125 727.76205 1307.73613999999 315.02417 22.0323199999999 464.102489999999 4157.66629 1 0.26469 0.29979
"175" 1845 4585033 6524357 893.21685 1337.79476999999 497.378969999999 151.244619999999 1203.32540999999 1165.21964 2116.34409999999 1542.56563 1035.79178 21.61448 1854.00351999999 4040.41825999999 0 0.3952 0.30995
"176" 1344 4584743 6523962 691.448719999999 1310.20056999999 124.03959 572.918879999999 1017.45348999999 675.38782 1656.51554 1330.34349999999 613.35942 21.76995 1392.85336 4206.12227999999 5 0.45261 0.29178
"177" 995 4587433 6525489 516.987849999999 2419.30371999999 1582.41477 534.84292 1289.17474999999 3710.97353 4391.74201999999 3700.14665 1082.37733 205.931309999999 4064.75894 2091.26191 0 0.62938 0.09762
"178" 1429 4588433 6522088 3625.83525 1001.26836 91.2028399999999 535.26538 408.549629999999 4252.06355999999 4079.93229 5325.45810999999 372.209229999999 61.80581 3618.04840999999 140.220329999999 6 0.12246 0.45291
