x	y	RindeSoja	Elevacion	CEa30	CEa90	RindeMaiz	NDVI_1	NDVI_2	NDVI_3
509331.469	6290704.516	3.32914	138.302	51.1771	46.9681	1.24045	0.37931	0.471715	0.132075
509351.469	6290704.516	3.95984	138.391	49.5058	47.5073	1.24146	0.37931	0.471715	0.144231
509371.469	6290704.516	3.81135	138.532	47.8253	46.2253	1.39971	0.340909	0.45269	0.127451
509391.469	6290704.516	3.38364	138.71	46.6472	44.1815	1.41732	0.340909	0.458067	0.13
509311.469	6290684.516	3.36007	138.379	54.4636	44.8746	1.07565	0.406593	0.440365	0.114155
509331.469	6290684.516	3.09532	138.206	50.9797	46.5575	1.03507	0.395349	0.447907	0.141509
509351.469	6290684.516	3.67244	138.285	50.3515	47.9913	1.30533	0.395349	0.447907	0.142857
509371.469	6290684.516	3.31417	138.386	50.6052	46.2256	1.15064	0.333333	0.433846	0.126214
509391.469	6290684.516	2.82849	138.542	49.0094	44.1996	1.35991	0.333333	0.444558	0.127451
509411.469	6290684.516	1.59024	138.689	46.4837	42.9043	1.61551	0.333333	0.444558	0.131707
509431.469	6290684.516	1.88962	138.813	45.5378	42.5291	1.76564	0.318182	0.437515	0.127451
509451.469	6290684.516	2.27411	138.897	46.8198	42.0907	1.35518	0.318182	0.452553	0.124378
509471.469	6290684.516	2.2113	138.967	48.4698	41.9553	1.43869	0.318182	0.452553	0.124378
509311.469	6290664.516	3.37685	138.235	54.2631	45.3053	1.36985	0.393258	0.458677	0.115207
509331.469	6290664.516	3.3647	138.145	51.3679	46.7706	1.17357	0.388235	0.446352	0.138756
509351.469	6290664.516	4.07673	138.21	51.2815	48.3307	0.996969	0.388235	0.446352	0.130435
509371.469	6290664.516	3.56559	138.31	51.5768	45.6899	1.11407	0.348837	0.432203	0.131707
509391.469	6290664.516	2.39261	138.449	50.1299	44.2893	1.0365	0.356322	0.444141	0.137255
509411.469	6290664.516	1.89894	138.564	48.4235	43.4403	1.34996	0.356322	0.444141	0.135922
509431.469	6290664.516	2.05027	138.647	47.492	43.7437	1.78539	0.356322	0.433974	0.126214
509451.469	6290664.516	2.17358	138.679	46.812	42.6223	2.02836	0.357143	0.454393	0.127451
509471.469	6290664.516	2.23434	138.706	46.3724	42.1489	1.98315	0.357143	0.454393	0.127451
509491.469	6290664.516	2.24548	138.747	47.0375	42.5946	1.46602	0.341176	0.441201	0.121951
509511.469	6290664.516	2.00423	138.755	47.1056	43.378	1.31081	0.295455	0.416621	0.133005
509531.469	6290664.516	1.65642	138.815	46.4426	43.3313	2.26378	0.295455	0.416621	0.128713
509551.469	6290664.516	1.84505	138.773	47.578	43.3946	1.50052	0.268817	0.396298	0.133005
509571.469	6290664.516	2.31736	138.616	48.3471	42.8742	1.86665	0.326316	0.410247	0.142857
509311.469	6290644.516	3.50265	138.095	52.5516	45.6192	1.27419	0.393258	0.458677	0.125581
509331.469	6290644.516	3.59452	138.07	49.3594	47.3148	1.31877	0.388235	0.446352	0.132075
509351.469	6290644.516	3.43341	138.136	50.2777	48.6738	0.998161	0.388235	0.446352	0.126214
509371.469	6290644.516	2.74404	138.219	48.5817	45.3229	1.4674	0.348837	0.432203	0.127451
509391.469	6290644.516	1.36582	138.345	48.9642	43.8586	1.33124	0.356322	0.444141	0.131707
509411.469	6290644.516	1.57998	138.436	49.3203	44.4803	1.1961	0.356322	0.444141	0.131707
509431.469	6290644.516	1.54045	138.484	49.2325	44.7049	1.38535	0.356322	0.433974	0.126214
509451.469	6290644.516	2.00831	138.502	48.4627	42.8703	1.16571	0.357143	0.454393	0.131707
509471.469	6290644.516	2.36769	138.511	47.7033	42.2665	1.04715	0.357143	0.454393	0.121951
509491.469	6290644.516	2.01728	138.549	49.0198	43.215	1.22858	0.341176	0.441201	0.117647
509511.469	6290644.516	1.40002	138.62	46.5832	43.3344	1.41904	0.295455	0.416621	0.127451
509531.469	6290644.516	1.70985	138.761	45.3839	42.6401	2.69951	0.295455	0.416621	0.131707
509551.469	6290644.516	1.44033	138.843	45.2354	42.4555	3.37893	0.268817	0.396298	0.135922
509571.469	6290644.516	1.25499	138.71	46.7428	42.5664	3.47944	0.326316	0.410247	0.144231
509591.469	6290644.516	1.35539	138.254	46.9845	42.8646	3.11145	0.326316	0.410247	0.12381
509611.469	6290644.516	2.57913	137.668	48.3105	45.6255	2.8709	0.465347	0.456394	0.126214
509631.469	6290644.516	3.65754	137.15	52.703	52.2737	3.26806	0.54955	0.52205	0.133005
509651.469	6290644.516	5.03497	136.749	51.4767	52.7453	7.46589	0.54955	0.52205	0.13
509671.469	6290644.516	4.85621	136.559	48.5936	49.8576	8.77988	0.565217	0.575139	0.134328
509311.469	6290624.516	3.65736	138.036	52.6398	45.9272	1.19677	0.422222	0.478316	0.141509
509331.469	6290624.516	3.75699	138.036	51.125	47.8394	1.04647	0.402299	0.466653	0.129187
509351.469	6290624.516	3.44006	138.093	50.6967	47.7655	1.05149	0.402299	0.466653	0.140097
509371.469	6290624.516	2.56563	138.156	48.5378	44.4773	1.23832	0.37931	0.439053	0.125
509391.469	6290624.516	1.35185	138.24	49.8407	44.3945	1.36702	0.393258	0.432926	0.130435
509411.469	6290624.516	1.26336	138.291	50.4953	45.5758	1.88264	0.393258	0.432926	0.125
509431.469	6290624.516	1.35305	138.305	49.7374	45.0631	1.80698	0.37931	0.433743	0.131707
509451.469	6290624.516	1.78956	138.311	48.453	43.353	1.25382	0.348837	0.445577	0.131707
509471.469	6290624.516	1.84354	138.335	47.3683	43.6241	0.872596	0.348837	0.445577	0.121951
509491.469	6290624.516	1.67502	138.404	46.5594	44.8963	1.04504	0.364706	0.43236	0.127451
509511.469	6290624.516	1.25903	138.521	46.3563	44.5872	1.27463	0.310345	0.408466	0.127451
509531.469	6290624.516	1.26534	138.742	44.9737	42.4164	2.27915	0.310345	0.408466	0.135922
509551.469	6290624.516	1.18996	138.927	45.1729	41.5904	2.84014	0.266667	0.394118	0.134615
509571.469	6290624.516	1.12782	138.819	48.181	41.9831	3.25746	0.298969	0.40176	0.134615
509591.469	6290624.516	1.17511	138.348	48.3695	42.1449	3.44369	0.298969	0.40176	0.129187
509611.469	6290624.516	2.41267	137.695	49.4377	45.6702	3.61069	0.465347	0.434339	0.125
509631.469	6290624.516	3.42791	137.133	51.1402	51.906	3.77495	0.495495	0.493469	0.131707
509651.469	6290624.516	5.20595	136.704	50.3567	52.472	5.98061	0.495495	0.493469	0.142857
509671.469	6290624.516	5.96267	136.498	48.1878	49.8861	8.00434	0.517857	0.556376	0.141463
509691.469	6290624.516	5.87121	136.441	46.7526	49.532	8.68098	0.531532	0.513324	0.157895
509711.469	6290624.516	6.08335	136.52	49.443	51.7564	8.9382	0.531532	0.513324	0.15942
509731.469	6290624.516	5.46607	136.693	52.6307	52.9927	8.34642	0.490566	0.461242	0.141463
509751.469	6290624.516	4.62785	136.963	53.6459	48.2659	2.54727	0.434783	0.448925	0.134328
509291.469	6290604.516	3.24223	138.111	58.1737	47.2683	1.4986	0.425532	0.444994	0.123288
509311.469	6290604.516	3.89338	138.018	53.6881	45.6625	1.19824	0.377778	0.47571	0.13615
509331.469	6290604.516	3.74597	138.045	52.1481	47.6806	1.0284	0.386364	0.466161	0.134615
509351.469	6290604.516	3.58307	138.089	51.5642	46.7942	0.93309	0.386364	0.466161	0.130435
509371.469	6290604.516	3.21319	138.134	49.5208	44.6756	1.35909	0.370787	0.44545	0.125
509391.469	6290604.516	2.00489	138.168	51.4795	45.6223	1.78025	0.4	0.447095	0.134615
509411.469	6290604.516	1.89234	138.163	51.9163	47.0015	1.896	0.4	0.447095	0.135922
509431.469	6290604.516	2.46204	138.153	51.168	46.0679	1.8456	0.395349	0.463613	0.135922
509451.469	6290604.516	1.55389	138.16	52.504	45.8473	1.34285	0.356322	0.452351	0.131707
509471.469	6290604.516	1.39286	138.201	50.0728	45.6412	0.970006	0.356322	0.452351	0.126214
509491.469	6290604.516	1.31173	138.291	48.376	46.6087	0.896429	0.325843	0.422935	0.126214
509511.469	6290604.516	1.17039	138.463	46.65	45.1162	1.25745	0.303371	0.400634	0.135922
509531.469	6290604.516	1.22212	138.719	45.5166	42.3007	2.08623	0.303371	0.400634	0.145631
509551.469	6290604.516	1.09488	138.971	46.1564	41.7879	2.36016	0.266667	0.394144	0.138756
509571.469	6290604.516	1.11259	138.855	47.7227	41.8121	2.95111	0.3125	0.408996	0.138756
509591.469	6290604.516	1.1286	138.389	49.0653	41.4362	3.48537	0.3125	0.408996	0.130435
509611.469	6290604.516	1.45556	137.704	50.5341	45.3418	3.53394	0.485149	0.433921	0.125
509631.469	6290604.516	2.39714	137.135	53.3611	52.3449	4.916	0.537037	0.499424	0.127451
509651.469	6290604.516	4.40305	136.69	52.4537	53.2348	7.17547	0.537037	0.499424	0.144279
509671.469	6290604.516	5.71099	136.51	47.9681	50.5638	8.2917	0.522124	0.546453	0.147059
509691.469	6290604.516	5.70185	136.46	46.9318	49.9894	8.17445	0.513514	0.496649	0.153846
509711.469	6290604.516	4.7477	136.538	49.6628	52.3267	8.60618	0.513514	0.496649	0.149758
509731.469	6290604.516	3.79004	136.684	53.4019	53.313	6.77312	0.461538	0.443048	0.15122
509751.469	6290604.516	3.01241	136.903	51.4987	48.9881	4.97782	0.419355	0.431016	0.137255
509771.469	6290604.516	3.36434	137.202	51.0638	47.7563	2.22624	0.419355	0.431016	0.128713
509791.469	6290604.516	2.98458	137.5	50.9873	49.3744	1.55589	0.325843	0.4156	0.123153
509811.469	6290604.516	3.0691	137.738	48.7123	46.8063	1.45369	0.287356	0.428376	0.123153
509831.469	6290604.516	2.79182	137.962	46.6726	42.5721	1.33321	0.287356	0.428376	0.121951
509851.469	6290604.516	1.69076	138.2	46.1833	41.6455	1.10719	0.292683	0.472489	0.116505
509291.469	6290584.516	4.26333	138.105	56.485	47.6733	2.22586	0.425532	0.444994	0.124424
509311.469	6290584.516	4.56271	138.033	51.2977	45.6443	1.71309	0.377778	0.47571	0.142857
509331.469	6290584.516	4.43138	138.078	50.7945	46.8682	1.41109	0.386364	0.466161	0.140097
509351.469	6290584.516	4.02291	138.116	49.1857	45.2768	1.07043	0.386364	0.466161	0.135922
509371.469	6290584.516	3.76287	138.146	49.7633	44.352	1.58737	0.370787	0.44545	0.135922
509391.469	6290584.516	2.45126	138.133	53.1175	46.8261	1.52838	0.4	0.447095	0.141463
509411.469	6290584.516	2.17659	138.086	54.318	48.6049	1.7001	0.4	0.447095	0.135922
509431.469	6290584.516	2.85553	138.055	54.3219	47.5074	1.49604	0.395349	0.463613	0.125
509451.469	6290584.516	2.50981	138.065	54.7235	47.9789	1.07209	0.356322	0.452351	0.130435
509471.469	6290584.516	2.34156	138.111	51.9624	46.8346	1.14363	0.356322	0.452351	0.130435
509491.469	6290584.516	1.65145	138.205	49.3023	47.2276	1.30588	0.325843	0.422935	0.130435
509511.469	6290584.516	1.30286	138.422	46.7408	45.1053	1.02874	0.303371	0.400634	0.135922
509531.469	6290584.516	1.18095	138.696	45.0525	42.5605	1.37115	0.303371	0.400634	0.134615
509551.469	6290584.516	1.06942	138.977	45.071	42.2082	1.40443	0.266667	0.394144	0.138756
509571.469	6290584.516	1.12339	138.834	45.8609	40.9115	2.21889	0.3125	0.408996	0.134615
509591.469	6290584.516	1.33669	138.368	46.6506	41.2594	3.73094	0.3125	0.408996	0.130435
509611.469	6290584.516	1.66391	137.661	49.8998	45.3626	4.07753	0.485149	0.433921	0.129187
509631.469	6290584.516	2.83939	137.119	53.5324	51.9932	5.3223	0.537037	0.499424	0.135922
509651.469	6290584.516	4.82408	136.704	53.016	54.3619	8.17306	0.537037	0.499424	0.137255
509671.469	6290584.516	6.15185	136.539	49.1555	52.1142	9.34304	0.522124	0.546453	0.145631
509691.469	6290584.516	5.84017	136.504	47.8988	50.8663	8.55261	0.513514	0.496649	0.160976
509711.469	6290584.516	5.45179	136.575	49.7471	52.8116	8.77989	0.513514	0.496649	0.145631
509731.469	6290584.516	3.75407	136.728	53.3505	52.9386	7.2503	0.461538	0.443048	0.147059
509751.469	6290584.516	1.85061	136.934	53.9198	49.0603	4.8794	0.419355	0.431016	0.142857
509771.469	6290584.516	1.47238	137.205	52.7545	47.5555	3.02572	0.419355	0.431016	0.133005
509791.469	6290584.516	2.03185	137.456	52.4479	48.5907	2.86275	0.325843	0.4156	0.128713
509811.469	6290584.516	2.28725	137.687	48.588	45.0063	2.79594	0.287356	0.428376	0.127451
509831.469	6290584.516	2.147	137.929	46.7264	41.6082	2.61419	0.287356	0.428376	0.126214
509851.469	6290584.516	1.59579	138.165	48.2418	42.0311	1.79334	0.292683	0.472489	0.115385
509871.469	6290584.516	1.27948	138.323	47.7923	44.6661	1.10042	0.317073	0.487887	0.125
509891.469	6290584.516	1.07493	138.573	48.2903	46.1269	1.21028	0.317073	0.487887	0.121951
509291.469	6290564.516	4.17629	138.177	53.8261	47.2756	1.90773	0.391304	0.434536	0.133641
509311.469	6290564.516	4.46518	138.123	50.2701	45.2678	2.08565	0.386364	0.459272	0.129187
509331.469	6290564.516	4.53365	138.153	49.8084	45.2817	2.1702	0.355556	0.447974	0.126214
509351.469	6290564.516	4.42903	138.174	46.8102	44.3755	1.28795	0.355556	0.447974	0.135922
509371.469	6290564.516	4.30503	138.189	47.9352	44.6532	2.23733	0.340659	0.440503	0.135922
509391.469	6290564.516	4.00163	138.134	54.5862	47.7275	1.78735	0.347826	0.447833	0.131707
509411.469	6290564.516	3.63675	138.049	55.4748	48.974	1.51746	0.347826	0.447833	0.131707
509431.469	6290564.516	3.55789	137.998	55.0718	48.1083	1.09317	0.356322	0.490844	0.130435
509451.469	6290564.516	3.26349	138.009	53.1961	49.0803	1.04258	0.364706	0.46738	0.130435
509471.469	6290564.516	2.92285	138.046	52.7656	48.0363	0.975077	0.364706	0.46738	0.109005
509491.469	6290564.516	1.76785	138.134	50.7585	46.6151	1.83179	0.348315	0.428142	0.093458
509511.469	6290564.516	1.60715	138.363	46.9904	44.5186	2.40449	0.303371	0.410359	0.135922
509531.469	6290564.516	1.28461	138.653	46.202	42.9433	2.06844	0.303371	0.410359	0.140097
509551.469	6290564.516	1.01921	138.908	45.4887	42.8399	1.79069	0.280899	0.400102	0.134615
509571.469	6290564.516	1.04365	138.766	44.7432	40.6635	2.27361	0.333333	0.401573	0.130435
509591.469	6290564.516	1.40408	138.286	45.6611	41.2795	3.36461	0.333333	0.401573	0.125
509611.469	6290564.516	2.79555	137.607	49.0272	46.0371	3.96902	0.445545	0.434814	0.129187
509631.469	6290564.516	3.63118	137.109	51.7517	52.5129	4.44573	0.5	0.528331	0.130435
509651.469	6290564.516	5.38856	136.737	51.682	55.0733	6.77835	0.5	0.528331	0.131707
509671.469	6290564.516	6.244	136.607	50.0241	53.0435	7.993	0.490909	0.520994	0.15122
509691.469	6290564.516	6.06231	136.569	50.1278	52.0205	9.14753	0.514019	0.452707	0.145631
509711.469	6290564.516	5.65865	136.626	51.6381	52.785	8.97741	0.514019	0.452707	0.15122
509731.469	6290564.516	3.33087	136.791	51.4983	52.0213	6.29415	0.434343	0.428087	0.141463
509751.469	6290564.516	2.0645	136.999	52.1657	47.9717	3.68819	0.391304	0.441119	0.137255
509771.469	6290564.516	1.70167	137.247	51.3611	46.7358	2.3228	0.391304	0.441119	0.121951
509791.469	6290564.516	1.36005	137.434	49.9589	47.3579	1.60163	0.372093	0.443063	0.127451
509811.469	6290564.516	1.13411	137.618	47.1987	44.0039	2.16032	0.365854	0.455864	0.131707
509831.469	6290564.516	1.23677	137.827	47.2119	41.8657	1.83616	0.365854	0.455864	0.126214
509851.469	6290564.516	1.37158	138.045	49.8168	42.9973	1.27469	0.341463	0.477299	0.120773
509871.469	6290564.516	1.43505	138.199	48.0149	45.6776	1.2775	0.333333	0.485018	0.130435
509891.469	6290564.516	1.14324	138.425	47.4451	47.0185	1.17466	0.333333	0.485018	0.128713
509911.469	6290564.516	2.0551	138.805	48.867	45.5318	1.26023	0.389474	0.297412	0.121212
509291.469	6290544.516	3.61858	138.326	50.7518	45.945	1.6377	0.326087	0.424472	0.142857
509311.469	6290544.516	3.95313	138.256	49.7427	44.619	2.14534	0.372093	0.457888	0.130435
509331.469	6290544.516	3.90075	138.263	48.9734	44.8515	1.66584	0.333333	0.450893	0.131707
509351.469	6290544.516	4.01152	138.275	47.6549	45.1625	1.49178	0.333333	0.450893	0.135922
509371.469	6290544.516	4.39264	138.261	49.9335	45.2649	2.69352	0.311828	0.437287	0.130435
509391.469	6290544.516	4.64295	138.173	52.7401	47.5703	3.54353	0.318681	0.440278	0.131707
509411.469	6290544.516	4.65241	138.072	53.224	48.1896	3.60943	0.318681	0.440278	0.127451
509431.469	6290544.516	4.20563	137.99	52.3712	48.0871	2.3518	0.340909	0.479263	0.131707
509451.469	6290544.516	4.46315	137.979	52.3268	49.8221	1.25192	0.340909	0.482233	0.130435
509471.469	6290544.516	4.27342	138.003	52.4249	47.8125	1.13958	0.340909	0.482233	0.137255
509491.469	6290544.516	2.98084	138.072	50.1145	45.7992	2.05057	0.325843	0.452453	0.141463
509511.469	6290544.516	2.423	138.285	47.7855	43.8578	2.963	0.318182	0.433025	0.129187
509531.469	6290544.516	1.56104	138.57	46.7496	42.8369	2.4495	0.318182	0.433025	0.129187
509551.469	6290544.516	1.34015	138.78	45.5822	41.8846	2.53302	0.311111	0.421829	0.138756
509571.469	6290544.516	1.59276	138.663	44.6167	40.4699	3.07586	0.340426	0.420617	0.12381
509591.469	6290544.516	1.41023	138.191	47.3439	42.1959	3.84398	0.340426	0.420617	0.138756
509611.469	6290544.516	2.20781	137.576	51.757	46.611	3.96446	0.443299	0.465825	0.129187
509631.469	6290544.516	4.17473	137.131	53.2467	53.1799	4.88627	0.469388	0.521068	0.135922
509651.469	6290544.516	5.26129	136.802	53.7896	55.4975	5.6731	0.469388	0.521068	0.141463
509671.469	6290544.516	6.07625	136.698	53.2916	54.1861	6.50384	0.495146	0.465671	0.15534
509691.469	6290544.516	6.17114	136.677	53.471	53.3486	7.40929	0.465347	0.429131	0.15122
509711.469	6290544.516	5.21058	136.727	52.9499	52.3476	8.11127	0.465347	0.429131	0.145631
509731.469	6290544.516	2.99335	136.896	49.9533	49.5326	7.04579	0.382979	0.41991	0.141463
509751.469	6290544.516	1.53761	137.098	47.8161	45.9547	4.48071	0.369565	0.441398	0.147059
509771.469	6290544.516	1.48877	137.304	47.6298	45.2822	2.85825	0.369565	0.441398	0.123153
509791.469	6290544.516	1.74727	137.407	48.135	46.395	2.08237	0.395349	0.484582	0.127451
509811.469	6290544.516	1.9951	137.515	47.7036	44.9262	1.65871	0.364706	0.497726	0.131707
509831.469	6290544.516	1.74776	137.663	48.7013	44.4311	1.30824	0.364706	0.497726	0.120773
509851.469	6290544.516	2.1952	137.837	49.0493	45.1398	1.12301	0.349398	0.481705	0.120773
509871.469	6290544.516	1.75193	138	47.6674	47.1084	1.19288	0.356322	0.480805	0.133005
509891.469	6290544.516	1.26146	138.223	47.3871	47.9862	1.23711	0.356322	0.480805	0.121212
509911.469	6290544.516	1.99883	138.613	47.8687	46.1578	1.29797	0.44	0.266245	0.112245
509291.469	6290524.516	2.87961	138.535	50.0297	44.7336	1.4225	0.326087	0.424472	0.13242
509311.469	6290524.516	3.0139	138.432	49.0528	44.3601	1.49715	0.372093	0.457888	0.114286
509331.469	6290524.516	2.94971	138.401	49.5356	44.9472	1.53514	0.333333	0.450893	0.126214
509351.469	6290524.516	3.4878	138.394	49.5616	45.3879	2.29777	0.333333	0.450893	0.135922
509371.469	6290524.516	3.72829	138.357	49.9424	45.1293	3.31354	0.311828	0.437287	0.131707
509391.469	6290524.516	3.68419	138.233	51.3533	46.1205	3.59188	0.318681	0.440278	0.126214
509411.469	6290524.516	4.13957	138.105	50.2664	46.0715	3.5322	0.318681	0.440278	0.127451
509431.469	6290524.516	4.18914	137.997	50.1746	46.96	3.07479	0.340909	0.479263	0.131707
509451.469	6290524.516	4.21696	137.964	52.0196	49.6166	2.05659	0.340909	0.482233	0.135922
509471.469	6290524.516	3.79317	137.964	52.1783	47.175	1.21788	0.340909	0.482233	0.140097
509491.469	6290524.516	3.88213	138.02	49.5186	45.2103	1.83594	0.325843	0.452453	0.140097
509511.469	6290524.516	3.62152	138.191	48.8272	43.7254	3.00248	0.318182	0.433025	0.134615
509531.469	6290524.516	3.1275	138.451	47.1335	42.584	2.36554	0.318182	0.433025	0.144231
509551.469	6290524.516	3.00296	138.604	45.2615	41.0468	2.30618	0.311111	0.421829	0.134615
509571.469	6290524.516	2.63702	138.504	45.4582	40.8939	3.04402	0.340426	0.420617	0.130435
509591.469	6290524.516	2.11863	138.078	48.542	43.1608	3.49795	0.340426	0.420617	0.127962
509611.469	6290524.516	3.40918	137.577	52.5826	47.3586	3.31944	0.443299	0.465825	0.127962
509631.469	6290524.516	5.30548	137.166	55.8964	52.7923	3.51746	0.469388	0.521068	0.133333
509651.469	6290524.516	6.02849	136.899	56.8354	54.7049	4.47755	0.469388	0.521068	0.140097
509671.469	6290524.516	6.16859	136.819	56.6951	54.2809	5.43813	0.495146	0.465671	0.15122
509691.469	6290524.516	5.71493	136.834	56.4627	54.2467	6.06862	0.465347	0.429131	0.15122
509711.469	6290524.516	4.74231	136.905	54.6264	52.5179	5.78026	0.465347	0.429131	0.141463
509731.469	6290524.516	2.89939	137.071	49.9861	47.8975	5.81672	0.382979	0.41991	0.141463
509751.469	6290524.516	1.30089	137.26	46.8091	44.1803	5.18579	0.369565	0.441398	0.137255
509771.469	6290524.516	1.44945	137.386	48.0387	44.8024	3.76669	0.369565	0.441398	0.131707
509791.469	6290524.516	2.21635	137.39	50.3184	46.9979	2.36612	0.395349	0.484582	0.131707
509811.469	6290524.516	3.50266	137.413	52.239	47.7317	1.58054	0.364706	0.497726	0.137255
509831.469	6290524.516	3.45402	137.503	52.5095	47.0075	1.31694	0.364706	0.497726	0.133005
509851.469	6290524.516	3.02235	137.628	50.4592	47.1181	1.20348	0.349398	0.481705	0.121951
509871.469	6290524.516	2.69177	137.788	48.8507	48.7551	1.19999	0.356322	0.480805	0.128713
509891.469	6290524.516	1.65506	137.993	48.8153	48.7094	1.29908	0.356322	0.480805	0.115578
509911.469	6290524.516	3.20977	138.372	48.9936	46.0617	1.61391	0.44	0.266245	0.121212
509271.469	6290504.516	2.0563	139.047	48.9211	42.2666	1.23144	0.325843	0.436753	0.134921
509291.469	6290504.516	2.57541	138.754	48.5191	43.36	1.58559	0.325843	0.436753	0.137441
509311.469	6290504.516	3.67242	138.609	48.8612	43.4095	2.64662	0.364706	0.465067	0.134615
509331.469	6290504.516	3.32694	138.531	49.8002	45.5727	1.30143	0.333333	0.461738	0.130435
509351.469	6290504.516	3.3999	138.507	49.2145	46.1548	1.53821	0.333333	0.461738	0.137255
509371.469	6290504.516	3.40603	138.455	48.8805	45.0827	3.24765	0.304348	0.44263	0.131707
509391.469	6290504.516	3.14432	138.305	50.4212	43.6779	4.37897	0.304348	0.444709	0.127451
509411.469	6290504.516	3.28914	138.144	49.5707	43.6292	4.21635	0.304348	0.444709	0.126214
509431.469	6290504.516	3.17766	138.01	49.0771	45.4436	3.05249	0.340909	0.472373	0.120773
509451.469	6290504.516	3.40893	137.944	51.8205	48.2731	1.97302	0.340909	0.484444	0.141463
509471.469	6290504.516	3.88331	137.92	52.2747	45.3928	2.10581	0.340909	0.484444	0.141463
509491.469	6290504.516	4.12426	137.964	50.5516	44.4274	2.836	0.333333	0.460818	0.140097
509511.469	6290504.516	4.28941	138.094	50.3412	44.1374	3.29278	0.318681	0.437687	0.140097
509531.469	6290504.516	3.71759	138.318	47.877	42.9422	2.81863	0.318681	0.437687	0.134615
509551.469	6290504.516	3.20365	138.428	46.9546	41.2403	2.18928	0.304348	0.420526	0.135922
509571.469	6290504.516	3.65702	138.348	47.3287	41.6012	2.74237	0.340426	0.435507	0.135922
509591.469	6290504.516	4.55245	137.965	49.708	43.7944	3.98501	0.340426	0.435507	0.134615
509611.469	6290504.516	5.68629	137.569	53.4151	47.7007	4.31448	0.404255	0.480768	0.125
509631.469	6290504.516	6.05321	137.205	57.4094	52.2755	3.84762	0.425532	0.488188	0.135922
509651.469	6290504.516	5.78935	137.005	58.2887	52.4872	2.95312	0.425532	0.488188	0.142857
509671.469	6290504.516	6.01606	136.977	58.1843	53.2276	3.56935	0.431579	0.425789	0.142857
509691.469	6290504.516	5.8203	137.037	58.0227	54.0277	4.65588	0.397849	0.424954	0.147059
509711.469	6290504.516	4.1722	137.153	55.1945	51.3287	4.30936	0.397849	0.424954	0.147059
509731.469	6290504.516	2.37162	137.332	50.68	46.0964	3.75809	0.340659	0.422369	0.131707
509751.469	6290504.516	1.23666	137.482	48.5846	42.9628	3.70027	0.384615	0.4427	0.133005
509771.469	6290504.516	2.14741	137.477	50.1801	44.8739	3.34404	0.384615	0.4427	0.127451
509791.469	6290504.516	3.76422	137.384	53.9421	48.9587	3.01619	0.4	0.496604	0.137255
509811.469	6290504.516	4.11897	137.337	55.8143	50.9812	2.36425	0.409091	0.49759	0.133005
509831.469	6290504.516	4.08721	137.382	54.3447	49.0535	1.53906	0.409091	0.49759	0.128713
509851.469	6290504.516	4.13729	137.458	52.492	49.2345	1.39692	0.388235	0.459697	0.133005
509871.469	6290504.516	3.28899	137.598	51.6735	49.8134	1.30959	0.406593	0.428836	0.13
509891.469	6290504.516	2.32898	137.779	50.1612	48.5648	1.26634	0.406593	0.428836	0.12
509271.469	6290484.516	1.70263	139.317	48.6587	41.1235	1.18378	0.302326	0.432933	0.137097
509291.469	6290484.516	2.45976	138.989	47.3798	42.3955	1.31095	0.302326	0.432933	0.122642
509311.469	6290484.516	3.52453	138.783	48.9766	42.9144	2.06334	0.333333	0.452799	0.125
509331.469	6290484.516	3.44883	138.654	51.2499	45.7657	1.5972	0.333333	0.455297	0.126214
509351.469	6290484.516	3.635	138.603	50.3309	45.0051	1.4964	0.333333	0.455297	0.131707
509371.469	6290484.516	3.56407	138.503	47.732	43.5467	3.07785	0.326087	0.45734	0.126214
509391.469	6290484.516	3.58993	138.344	46.7787	41.8928	4.27924	0.340659	0.464469	0.126214
509411.469	6290484.516	3.41564	138.157	46.4185	42.2937	4.40911	0.340659	0.464469	0.131707
509431.469	6290484.516	3.73755	138.004	47.2398	44.2715	3.99442	0.363636	0.475797	0.126214
509451.469	6290484.516	3.70177	137.918	50.7634	46.2459	2.97201	0.363636	0.487263	0.131707
509471.469	6290484.516	4.10043	137.883	50.7737	43.7324	3.56759	0.363636	0.487263	0.135922
509491.469	6290484.516	4.16862	137.92	50.5977	43.5583	3.85262	0.348315	0.470009	0.140097
509511.469	6290484.516	4.16306	138.025	50.9489	44.1913	4.06666	0.318681	0.447607	0.134615
509531.469	6290484.516	3.74864	138.203	49.7457	43.739	3.54012	0.318681	0.447607	0.149758
509551.469	6290484.516	3.69029	138.284	48.6903	42.4019	2.98093	0.311828	0.42367	0.131707
509571.469	6290484.516	3.17208	138.178	49.0802	42.8609	3.29293	0.376344	0.442545	0.131707
509591.469	6290484.516	3.93295	137.854	50.0193	44.6654	3.65288	0.376344	0.442545	0.125
509611.469	6290484.516	4.46673	137.55	53.4907	48.4368	3.8687	0.406593	0.490725	0.130435
509631.469	6290484.516	5.29401	137.276	56.6103	52.4579	3.68132	0.347826	0.462806	0.135922
509651.469	6290484.516	5.74959	137.16	56.7619	50.9572	3.86968	0.347826	0.462806	0.142857
509671.469	6290484.516	5.07498	137.177	55.458	50.4104	4.03388	0.311828	0.410983	0.138614
509691.469	6290484.516	4.66893	137.278	55.4127	51.2902	4.13249	0.304348	0.422439	0.133005
509711.469	6290484.516	4.01252	137.466	52.8273	47.7073	3.95522	0.304348	0.422439	0.133005
509731.469	6290484.516	2.19041	137.639	48.9572	43.5375	3.65711	0.304348	0.432083	0.137255
509751.469	6290484.516	2.4007	137.74	48.8039	41.7654	3.27473	0.340426	0.45713	0.121951
509771.469	6290484.516	2.40349	137.566	52.4588	45.3641	2.79973	0.340426	0.45713	0.131707
509791.469	6290484.516	4.25914	137.378	55.915	51.0442	2.02037	0.361702	0.484301	0.125
509811.469	6290484.516	4.71382	137.28	58.0505	53.245	2.18104	0.376344	0.482121	0.127451
509831.469	6290484.516	4.39115	137.279	56.8587	50.7236	1.61352	0.376344	0.482121	0.138614
509851.469	6290484.516	4.26239	137.313	54.9824	49.4775	1.62064	0.406593	0.466173	0.142857
509871.469	6290484.516	2.72079	137.42	54.7837	49.808	1.41686	0.44898	0.367288	0.135678
509891.469	6290484.516	2.79386	137.583	53.6465	48.42	1.37667	0.44898	0.367288	0.124378
509271.469	6290464.516	1.94081	139.561	47.3583	40.3964	1.06307	0.302326	0.432933	0.135593
509291.469	6290464.516	2.38346	139.226	46.8149	41.7903	1.11676	0.302326	0.432933	0.127962
509311.469	6290464.516	2.58435	138.967	48.1769	42.7871	1.24445	0.333333	0.452799	0.119617
509331.469	6290464.516	2.95849	138.791	50.2997	45.1604	1.34325	0.333333	0.455297	0.126214
509351.469	6290464.516	3.13288	138.703	49.7351	43.971	1.27951	0.333333	0.455297	0.147059
509371.469	6290464.516	2.87104	138.508	48.3896	41.828	2.31462	0.326087	0.45734	0.141463
509391.469	6290464.516	3.01891	138.324	47.0047	41.0987	3.34533	0.340659	0.464469	0.126214
509411.469	6290464.516	3.68609	138.128	47.3577	42.4515	3.99387	0.340659	0.464469	0.130435
509431.469	6290464.516	4.10683	137.987	49.2072	45.2561	4.2313	0.363636	0.475797	0.131707
509451.469	6290464.516	3.9651	137.896	50.5129	45.7017	3.37835	0.363636	0.487263	0.126214
509471.469	6290464.516	4.21389	137.855	48.2425	44.0692	2.99915	0.363636	0.487263	0.131707
509491.469	6290464.516	4.34701	137.889	48.3579	43.5671	3.34652	0.348315	0.470009	0.135922
509511.469	6290464.516	3.85849	137.984	49.6113	45.2361	3.8832	0.318681	0.447607	0.149758
509531.469	6290464.516	3.77719	138.121	49.139	44.9007	4.23842	0.318681	0.447607	0.144231
509551.469	6290464.516	3.25726	138.191	47.7365	43.338	4.3112	0.311828	0.42367	0.131707
509571.469	6290464.516	2.16351	138.061	48.2155	43.573	4.3724	0.376344	0.442545	0.131707
509591.469	6290464.516	3.64898	137.791	48.9517	45.623	3.84149	0.376344	0.442545	0.130435
509611.469	6290464.516	4.4754	137.552	52.7435	48.6839	3.33645	0.406593	0.490725	0.130435
509631.469	6290464.516	4.68315	137.358	56.4212	51.4692	3.46162	0.347826	0.462806	0.131707
509651.469	6290464.516	4.49873	137.32	54.3321	49.2984	3.74292	0.347826	0.462806	0.137255
509671.469	6290464.516	3.77217	137.396	50.5181	47.1588	4.07159	0.311828	0.410983	0.137255
509691.469	6290464.516	4.12156	137.565	49.0315	46.8338	4.13793	0.304348	0.422439	0.121951
509711.469	6290464.516	3.14374	137.822	46.5805	44.3309	4.35846	0.304348	0.422439	0.127451
509731.469	6290464.516	2.28373	137.966	45.4199	42.15	4.2499	0.304348	0.432083	0.127451
509751.469	6290464.516	1.74405	137.969	45.9445	40.9349	3.72399	0.340426	0.45713	0.131707
509771.469	6290464.516	3.62881	137.651	51.247	45.5075	3.99261	0.340426	0.45713	0.126214
509791.469	6290464.516	5.55758	137.378	56.4173	52.2169	3.72434	0.361702	0.484301	0.126214
509811.469	6290464.516	5.82695	137.227	57.4372	54.8378	2.75554	0.376344	0.482121	0.137255
509831.469	6290464.516	5.30234	137.167	56.0771	50.7109	1.99427	0.376344	0.482121	0.142857
509851.469	6290464.516	4.93249	137.16	54.2265	48.4169	1.97897	0.406593	0.466173	0.137255
509871.469	6290464.516	3.44967	137.237	53.856	49.0462	1.47414	0.44898	0.367288	0.118812
509891.469	6290464.516	4.52266	137.407	55.3054	48.9206	1.83797	0.44898	0.367288	0.128713
509271.469	6290444.516	2.05164	139.798	45.8706	39.5144	1.15316	0.285714	0.433506	0.142857
509291.469	6290444.516	2.5615	139.47	46.5464	41.4198	1.02761	0.285714	0.433506	0.122642
509311.469	6290444.516	3.0727	139.182	47.6965	42.6136	0.91059	0.301205	0.454889	0.120773
509331.469	6290444.516	3.16552	138.96	48.1937	44.1738	0.939647	0.317647	0.44483	0.135922
509351.469	6290444.516	3.18953	138.798	48.2831	42.4881	1.57395	0.317647	0.44483	0.140097
509371.469	6290444.516	3.05492	138.494	48.7904	41.0079	2.81623	0.348315	0.466622	0.130435
509391.469	6290444.516	3.43912	138.254	50.079	41.4954	3.17028	0.372093	0.490503	0.126214
509411.469	6290444.516	3.96717	138.066	51.2309	44.3887	2.87557	0.372093	0.490503	0.130435
509431.469	6290444.516	4.08124	137.957	53.8567	47.1193	3.01477	0.348837	0.503832	0.135922
509451.469	6290444.516	3.99839	137.873	54.5206	46.5088	2.77736	0.364706	0.502198	0.135922
509471.469	6290444.516	3.95287	137.836	52.4386	44.5241	2.41086	0.364706	0.502198	0.137255
509491.469	6290444.516	4.01906	137.867	52.2862	43.866	2.87158	0.372093	0.460962	0.145631
509511.469	6290444.516	4.24222	137.969	51.6838	46.0695	3.69187	0.333333	0.437413	0.144231
509531.469	6290444.516	4.35132	138.08	49.7117	44.8111	3.96665	0.333333	0.437413	0.135922
509551.469	6290444.516	4.07742	138.157	47.4499	42.9102	3.49369	0.318681	0.428552	0.131707
509571.469	6290444.516	4.05238	138.008	47.4491	44.099	3.91571	0.355556	0.475627	0.140097
509591.469	6290444.516	3.99291	137.785	49.5169	46.5007	4.13308	0.355556	0.475627	0.125
509611.469	6290444.516	4.7696	137.611	52.9497	48.7577	3.26357	0.37931	0.514212	0.130435
509631.469	6290444.516	4.90553	137.485	54.4302	51.3501	3.48277	0.325843	0.454942	0.141463
509651.469	6290444.516	4.83692	137.514	52.5092	48.3169	3.8495	0.325843	0.454942	0.142857
509671.469	6290444.516	4.22869	137.682	47.3273	44.2684	4.42795	0.274725	0.413261	0.131707
509691.469	6290444.516	3.58977	137.919	45.3156	43.5807	4.47765	0.266667	0.409745	0.121951
509711.469	6290444.516	2.70079	138.219	44.7776	41.4336	4.17284	0.266667	0.409745	0.127451
509731.469	6290444.516	2.22732	138.281	45.1223	41.1674	3.27874	0.282609	0.422416	0.123153
509751.469	6290444.516	3.13076	138.156	45.9346	40.8643	3.67742	0.340426	0.438634	0.133005
509771.469	6290444.516	3.84718	137.709	49.0091	45.4452	3.88698	0.340426	0.438634	0.131707
509791.469	6290444.516	5.03591	137.365	53.5486	52.4389	3.84463	0.397849	0.469656	0.131707
509811.469	6290444.516	4.77229	137.17	56.2565	55.0066	3.88507	0.431579	0.505575	0.142857
509831.469	6290444.516	5.14936	137.055	55.1543	50.4371	3.74336	0.431579	0.505575	0.141463
509851.469	6290444.516	5.332	137.006	53.3671	48.1384	3.59969	0.443299	0.511856	0.142857
509871.469	6290444.516	4.24073	137.057	54.4489	48.9919	2.91819	0.504762	0.328239	0.123153
509891.469	6290444.516	4.47231	137.214	55.9809	49.46	2.13329	0.504762	0.328239	0.117647
509271.469	6290424.516	1.80622	139.908	45.8867	39.292	0.980524	0.292683	0.421563	0.138889
509291.469	6290424.516	2.05345	139.673	45.8197	40.6138	0.908389	0.292683	0.421563	0.122642
509311.469	6290424.516	2.5001	139.381	47.3079	42.1595	0.873241	0.291139	0.445637	0.130435
509331.469	6290424.516	2.56964	139.138	47.577	43.5665	0.925934	0.317073	0.438144	0.134615
509351.469	6290424.516	2.96521	138.907	48.1587	42.1392	1.25368	0.317073	0.438144	0.134615
509371.469	6290424.516	3.33218	138.515	49.3596	41.3429	2.86896	0.348837	0.448526	0.130435
509391.469	6290424.516	3.69508	138.215	50.9313	42.7312	2.64132	0.372093	0.475648	0.131707
509411.469	6290424.516	4.42865	138.019	53.8913	46.151	1.52628	0.372093	0.475648	0.131707
509431.469	6290424.516	4.79462	137.934	55.6818	48.116	2.16638	0.364706	0.518318	0.141463
509451.469	6290424.516	4.53948	137.855	55.5184	48.0381	2.21844	0.373494	0.529276	0.135922
509471.469	6290424.516	4.20103	137.818	54.7804	44.7997	2.35168	0.373494	0.529276	0.140097
509491.469	6290424.516	3.91309	137.853	54.3332	44.5142	2.47784	0.364706	0.476133	0.144231
509511.469	6290424.516	3.14618	137.962	54.5887	46.3998	3.22727	0.325843	0.443815	0.148325
509531.469	6290424.516	3.07005	138.078	52.7853	44.1492	3.55075	0.325843	0.443815	0.141463
509551.469	6290424.516	3.34504	138.145	49.9426	42.136	3.69447	0.318182	0.431204	0.137255
509571.469	6290424.516	3.733	138.016	50.3474	44.0969	4.07367	0.341176	0.472591	0.135922
509591.469	6290424.516	4.21966	137.852	53.1296	46.4465	3.9749	0.341176	0.472591	0.131707
509611.469	6290424.516	4.56983	137.714	54.342	48.3354	2.93478	0.364706	0.511033	0.127451
509631.469	6290424.516	4.62512	137.661	55.5246	50.7386	2.61666	0.310345	0.442733	0.142857
509651.469	6290424.516	4.0506	137.738	51.8614	47.6391	2.8909	0.310345	0.442733	0.142857
509671.469	6290424.516	4.02233	137.993	46.471	43.4678	4.161	0.258427	0.406924	0.137255
509691.469	6290424.516	3.15559	138.296	44.6609	41.7986	4.42865	0.244444	0.383642	0.126214
509711.469	6290424.516	1.64165	138.621	45.5188	41.2436	4.34965	0.244444	0.383642	0.127451
509731.469	6290424.516	1.58453	138.583	46.7071	41.392	3.6759	0.266667	0.396036	0.126214
509751.469	6290424.516	3.16571	138.302	46.5937	41.012	4.91891	0.326087	0.407584	0.127451
509771.469	6290424.516	4.32446	137.764	49.0472	45.2905	4.52478	0.326087	0.407584	0.131707
509791.469	6290424.516	4.95107	137.355	54.3154	51.3401	4.29281	0.397849	0.441984	0.131707
509811.469	6290424.516	5.00496	137.113	56.4757	54.0696	4.14731	0.44898	0.515432	0.134328
509831.469	6290424.516	4.78501	136.948	56.2409	51.3529	4.21722	0.44898	0.515432	0.142857
509851.469	6290424.516	4.84817	136.861	55.507	49.5203	4.25286	0.475728	0.540038	0.128713
509871.469	6290424.516	4.09598	136.872	55.8232	50.1243	3.39653	0.563636	0.304348	0.134328
509891.469	6290424.516	5.10104	137.003	56.4563	50.7135	2.66644	0.563636	0.304348	0.133005
509251.469	6290404.516	2.14518	140.21	49.3844	39.7897	0.912094	0.292683	0.422337	0.119048
509271.469	6290404.516	1.83272	139.999	45.4043	39.3486	0.900238	0.292683	0.421563	0.13615
509291.469	6290404.516	2.03379	139.791	45.781	40.2343	0.860706	0.292683	0.421563	0.129187
509311.469	6290404.516	2.202	139.497	47.3058	41.8724	0.873971	0.291139	0.445637	0.134615
509331.469	6290404.516	2.17218	139.278	48.999	43.0884	0.894284	0.317073	0.438144	0.134615
509351.469	6290404.516	2.62129	139.009	49.7002	42.4318	1.0189	0.317073	0.438144	0.130435
509371.469	6290404.516	2.94299	138.615	49.5016	42.339	1.69476	0.348837	0.448526	0.130435
509391.469	6290404.516	3.76736	138.279	51.1528	43.9344	2.10598	0.372093	0.475648	0.125
509411.469	6290404.516	4.38358	138.058	53.1587	46.8324	1.31045	0.372093	0.475648	0.135922
509431.469	6290404.516	4.85749	137.934	54.7305	47.6818	1.76722	0.364706	0.518318	0.141463
509451.469	6290404.516	4.4994	137.843	52.6602	47.2483	1.67907	0.373494	0.529276	0.141463
509471.469	6290404.516	4.24648	137.817	50.9359	44.5138	1.66061	0.373494	0.529276	0.135922
509491.469	6290404.516	4.33544	137.858	53.1442	45.3479	2.11397	0.364706	0.476133	0.144231
509511.469	6290404.516	4.29598	137.981	53.5384	46.3176	3.37586	0.325843	0.443815	0.144231
509531.469	6290404.516	4.12613	138.125	52.1217	43.6181	3.70055	0.325843	0.443815	0.137255
509551.469	6290404.516	4.21497	138.185	49.4387	41.9332	3.88298	0.318182	0.431204	0.126214
509571.469	6290404.516	4.21557	138.088	50.587	43.9146	3.6079	0.341176	0.472591	0.131707
509591.469	6290404.516	4.01038	137.948	52.7408	45.2006	2.71217	0.341176	0.472591	0.127451
509611.469	6290404.516	4.21901	137.836	55.4129	47.811	2.50911	0.364706	0.511033	0.131707
509631.469	6290404.516	4.02017	137.828	58.1302	50.641	1.93918	0.310345	0.442733	0.131707
509651.469	6290404.516	3.21213	137.985	53.4362	46.7257	1.91985	0.310345	0.442733	0.137255
509671.469	6290404.516	3.10068	138.306	47.7154	42.4241	3.10882	0.258427	0.406924	0.137255
509691.469	6290404.516	2.09518	138.672	46.4485	40.8097	3.66538	0.244444	0.383642	0.131707
509711.469	6290404.516	1.6651	138.974	46.5574	40.6651	3.69069	0.244444	0.383642	0.131707
509731.469	6290404.516	1.98799	138.856	46.437	40.9868	3.30037	0.266667	0.396036	0.119617
509751.469	6290404.516	2.54741	138.425	46.4725	41.0291	4.10237	0.326087	0.407584	0.130435
509771.469	6290404.516	4.27017	137.83	49.5404	44.9415	4.59262	0.326087	0.407584	0.131707
509791.469	6290404.516	4.72162	137.359	53.4065	49.6918	4.76675	0.397849	0.441984	0.126214
509811.469	6290404.516	5.26843	137.065	55.4481	52.2837	4.53929	0.44898	0.515432	0.142857
509831.469	6290404.516	5.416	136.86	57.0442	51.6444	5.10383	0.44898	0.515432	0.144279
509851.469	6290404.516	5.25305	136.75	57.1136	52.1946	4.41873	0.475728	0.540038	0.13
509871.469	6290404.516	5.00705	136.714	56.8065	52.5614	2.717	0.563636	0.304348	0.138614
509251.469	6290384.516	2.19971	140.124	49.1542	40.8046	0.93523	0.285714	0.428601	0.12605
509271.469	6290384.516	1.95048	140.009	45.2684	39.6218	0.865843	0.259259	0.438937	0.132075
509291.469	6290384.516	1.95192	139.841	45.0465	40.5281	0.816873	0.259259	0.438937	0.129187
509311.469	6290384.516	1.63935	139.569	45.946	41.3933	0.905471	0.282051	0.438346	0.129187
509331.469	6290384.516	1.99254	139.376	47.8383	42.2584	0.94014	0.308642	0.436202	0.134615
509351.469	6290384.516	2.69367	139.123	48.7648	42.5785	0.949134	0.308642	0.436202	0.125
509371.469	6290384.516	3.36615	138.768	50.0429	42.7578	1.10127	0.333333	0.430092	0.125
509391.469	6290384.516	4.07593	138.428	51.2713	44.216	1.41306	0.349398	0.467098	0.125
509411.469	6290384.516	4.5469	138.144	52.7406	46.3514	1.37726	0.349398	0.467098	0.135922
509431.469	6290384.516	4.6344	137.958	52.7455	47.511	1.46724	0.364706	0.52668	0.135922
509451.469	6290384.516	4.4568	137.853	51.4435	47.2571	1.22101	0.364706	0.529063	0.137255
509471.469	6290384.516	4.28396	137.843	51.5295	44.5847	0.999261	0.364706	0.529063	0.140097
509491.469	6290384.516	4.58503	137.896	52.1319	46.1219	1.37558	0.341176	0.475266	0.153846
509511.469	6290384.516	4.73879	138.029	51.6485	44.4038	2.58522	0.310345	0.432469	0.149758
509531.469	6290384.516	4.41031	138.223	49.3535	41.8829	3.60476	0.310345	0.432469	0.127451
509551.469	6290384.516	4.03658	138.292	48.3656	41.1275	3.34897	0.310345	0.44247	0.133005
509571.469	6290384.516	3.83729	138.226	48.6325	42.9107	3.43615	0.317647	0.475438	0.126214
509591.469	6290384.516	3.82553	138.083	50.0535	43.9498	2.74249	0.317647	0.475438	0.126214
509611.469	6290384.516	4.08476	137.983	54.6269	47.8414	1.68009	0.317073	0.509133	0.135922
509631.469	6290384.516	3.6626	138.016	56.3889	49.8002	2.09759	0.302326	0.442651	0.141463
509651.469	6290384.516	3.28337	138.226	51.2048	46.3954	3.14557	0.302326	0.442651	0.142857
509671.469	6290384.516	2.78238	138.593	47.2299	41.9037	3.3269	0.25	0.411927	0.137255
509691.469	6290384.516	2.2989	139.022	45.8218	40.0603	3.18933	0.235955	0.40377	0.133005
509711.469	6290384.516	2.1334	139.274	45.7053	39.693	2.91917	0.235955	0.40377	0.126214
509731.469	6290384.516	2.4538	139.073	45.3811	39.836	3.09889	0.272727	0.404646	0.119617
509751.469	6290384.516	2.87785	138.537	46.3455	41.16	4.09396	0.318182	0.409953	0.129187
509771.469	6290384.516	3.62407	137.932	48.2815	44.8896	4.32642	0.318182	0.409953	0.138756
509791.469	6290384.516	4.32429	137.424	50.4812	47.4326	4.57003	0.406593	0.429547	0.125
509811.469	6290384.516	4.80219	137.066	52.6299	50.4908	3.9072	0.434343	0.501214	0.135922
509831.469	6290384.516	5.41884	136.824	55.6103	52.6835	4.52748	0.434343	0.501214	0.142857
509851.469	6290384.516	5.28972	136.688	58.2569	53.8408	4.99102	0.490566	0.509615	0.13
509871.469	6290384.516	5.94627	136.613	58.3196	54.1698	2.562	0.596491	0.28428	0.147059
509251.469	6290364.516	2.46446	139.912	48.4239	40.9865	1.00465	0.340659	0.371769	0.131579
509271.469	6290364.516	2.01638	139.934	47.1143	40.6122	0.871723	0.325843	0.407774	0.133333
509291.469	6290364.516	2.24234	139.846	46.5107	41.1406	0.890921	0.325843	0.407774	0.130435
509311.469	6290364.516	1.94798	139.632	44.7861	41.1288	0.987521	0.341176	0.416977	0.134615
509331.469	6290364.516	1.9942	139.462	45.084	41.6441	1.00871	0.309524	0.42547	0.12381
509351.469	6290364.516	2.72712	139.241	47.8957	42.7303	1.02051	0.309524	0.42547	0.130435
509371.469	6290364.516	2.9425	138.942	49.4841	42.9626	0.9822	0.309524	0.434208	0.134615
509391.469	6290364.516	3.78423	138.599	50.5949	43.8648	1.46196	0.349398	0.467874	0.134615
509411.469	6290364.516	4.33498	138.252	50.6925	45.1936	1.45917	0.349398	0.467874	0.135922
509431.469	6290364.516	4.37172	138.015	52.1145	47.0105	1.4556	0.357143	0.517453	0.131707
509451.469	6290364.516	4.49781	137.898	54.5308	47.9863	1.65548	0.333333	0.501399	0.137255
509471.469	6290364.516	4.41049	137.89	54.188	46.2126	2.00681	0.333333	0.501399	0.145631
509491.469	6290364.516	4.57404	137.969	52.9106	46.0009	2.32881	0.309524	0.442465	0.148325
509511.469	6290364.516	4.33455	138.132	48.4794	42.8347	2.51625	0.277108	0.417744	0.149758
509531.469	6290364.516	3.93766	138.377	46.8637	41.091	2.96725	0.277108	0.417744	0.137255
509551.469	6290364.516	3.37058	138.474	48.0177	41.4193	2.69688	0.294118	0.445301	0.131707
509571.469	6290364.516	3.59631	138.428	50.4619	42.2865	2.79044	0.325	0.478267	0.126214
509591.469	6290364.516	3.84814	138.267	52.0969	43.1657	2.73395	0.325	0.478267	0.130435
509611.469	6290364.516	3.76109	138.159	55.0668	47.0354	1.54964	0.316456	0.488536	0.131707
509631.469	6290364.516	3.63895	138.232	55.0221	48.3546	1.55747	0.27907	0.444925	0.137255
509651.469	6290364.516	3.10427	138.489	49.8499	44.5635	1.96307	0.27907	0.444925	0.137255
509671.469	6290364.516	2.68985	138.889	45.6536	40.9775	3.07405	0.244444	0.422168	0.133005
509691.469	6290364.516	2.46346	139.341	44.4585	39.315	3.0075	0.235955	0.412232	0.123153
509711.469	6290364.516	2.53318	139.47	44.0494	39.1728	2.85978	0.235955	0.412232	0.123153
509731.469	6290364.516	2.35389	139.217	45.2504	39.2366	2.75917	0.258427	0.409864	0.125
509751.469	6290364.516	3.0706	138.636	47.4304	41.5837	2.72657	0.295455	0.414073	0.118483
509771.469	6290364.516	3.91049	138.046	48.8941	44.8037	3.31252	0.295455	0.414073	0.138756
509791.469	6290364.516	3.79724	137.524	48.8794	46.1408	4.19234	0.355556	0.442534	0.135922
509811.469	6290364.516	4.89444	137.114	51.1803	49.4064	4.03252	0.416667	0.483114	0.135922
509831.469	6290364.516	5.64913	136.845	55.5254	53.8408	4.81008	0.416667	0.483114	0.137255
509851.469	6290364.516	5.57557	136.677	58.0705	54.824	5.87977	0.5	0.419022	0.144279
509871.469	6290364.516	6.07882	136.577	59.4952	55.1112	3.63963	0.603448	0.235914	0.145631
509251.469	6290344.516	1.44183	139.723	50.101	41.9269	1.03736	0.340659	0.371769	0.132743
509271.469	6290344.516	1.38556	139.831	48.2605	42.2102	1.0205	0.325843	0.407774	0.118483
509291.469	6290344.516	1.43731	139.837	48.512	42.6476	1.05275	0.325843	0.407774	0.126214
509311.469	6290344.516	1.72321	139.71	47.5595	41.6868	1.14997	0.341176	0.416977	0.130435
509331.469	6290344.516	1.86412	139.557	47.2703	42.27	1.10901	0.309524	0.42547	0.130435
509351.469	6290344.516	2.27953	139.35	48.6793	42.6218	1.03506	0.309524	0.42547	0.130435
509371.469	6290344.516	3.03171	139.087	49.9729	43.0845	0.923278	0.309524	0.434208	0.126214
509391.469	6290344.516	3.26412	138.751	49.3902	42.7582	0.865697	0.349398	0.467874	0.130435
509411.469	6290344.516	3.88747	138.365	49.5191	44.2212	0.936667	0.349398	0.467874	0.130435
509431.469	6290344.516	4.12865	138.113	52.9211	46.8857	1.19642	0.357143	0.517453	0.135922
509451.469	6290344.516	4.53205	137.998	55.5789	48.693	1.45821	0.333333	0.501399	0.135922
509471.469	6290344.516	4.42854	138	55.1755	46.8988	1.64915	0.333333	0.501399	0.140097
509491.469	6290344.516	4.47623	138.114	51.0128	45.3703	2.60495	0.309524	0.442465	0.153846
509511.469	6290344.516	4.02641	138.338	47.1963	42.009	2.89587	0.277108	0.417744	0.141463
509531.469	6290344.516	3.70496	138.627	46.8949	41.3138	2.69473	0.277108	0.417744	0.137255
509551.469	6290344.516	3.089	138.732	49.3472	42.3767	2.40791	0.294118	0.445301	0.131707
509571.469	6290344.516	3.69374	138.695	51.7954	43.0753	2.3917	0.325	0.478267	0.131707
509591.469	6290344.516	3.33471	138.537	52.501	43.5157	1.59422	0.325	0.478267	0.135922
509611.469	6290344.516	2.8847	138.432	52.7334	46.0139	0.873301	0.316456	0.488536	0.137255
509631.469	6290344.516	2.76391	138.511	51.8059	45.9902	1.18606	0.27907	0.444925	0.137255
509651.469	6290344.516	2.49685	138.819	48.1662	43.2577	1.47843	0.27907	0.444925	0.137255
509671.469	6290344.516	2.06181	139.227	45.8473	40.2038	2.74694	0.244444	0.422168	0.142857
509691.469	6290344.516	2.07235	139.668	43.8793	38.7166	2.81403	0.235955	0.412232	0.116505
509711.469	6290344.516	2.03733	139.632	44.2631	38.6367	3.10902	0.235955	0.412232	0.121951
509731.469	6290344.516	2.30065	139.321	45.6965	39.3947	3.07136	0.258427	0.409864	0.125
509751.469	6290344.516	2.92065	138.722	47.8672	42.4719	2.36043	0.295455	0.414073	0.134615
509771.469	6290344.516	3.49704	138.152	48.9049	44.6186	3.05933	0.295455	0.414073	0.134615
509791.469	6290344.516	4.24967	137.631	48.5475	44.7795	3.73942	0.355556	0.442534	0.140097
509811.469	6290344.516	4.88148	137.203	52.4336	50.0101	3.86992	0.416667	0.483114	0.144231
509831.469	6290344.516	5.28861	136.91	56.3774	53.7699	4.8459	0.416667	0.483114	0.131707
509851.469	6290344.516	5.66585	136.725	59.5127	55.3041	4.31464	0.5	0.419022	0.138614
509871.469	6290344.516	5.67608	136.585	60.4071	55.3941	5.13999	0.603448	0.235914	0.147059
509311.469	6290324.516	1.16732	139.794	51.0878	43.6128	1.33731	0.346154	0.318822	0.138756
509331.469	6290324.516	1.44609	139.695	51.4459	43.2363	1.21354	0.36	0.34075	0.129187
509351.469	6290324.516	1.56678	139.492	50.8748	42.7754	1.07902	0.36	0.34075	0.125
509371.469	6290324.516	1.87788	139.213	49.5892	42.4024	0.975575	0.347368	0.372966	0.131707
509391.469	6290324.516	1.89453	138.908	48.8902	41.4785	0.872595	0.370787	0.417383	0.120773
509411.469	6290324.516	2.78722	138.497	51.0934	43.2488	0.969642	0.370787	0.417383	0.126214
509431.469	6290324.516	3.48946	138.255	54.6401	47.2911	1.15392	0.341176	0.458767	0.131707
509451.469	6290324.516	3.96695	138.163	55.404	48.3368	1.32143	0.325301	0.461378	0.141463
509471.469	6290324.516	3.84509	138.182	54.1478	46.8882	1.20177	0.325301	0.461378	0.149758
509491.469	6290324.516	3.84608	138.33	51.3186	44.7754	1.87053	0.3	0.443266	0.149758
509511.469	6290324.516	3.13104	138.597	49.084	42.4891	1.9066	0.25	0.432535	0.131707
509531.469	6290324.516	2.54549	138.898	48.6237	42.634	1.38764	0.25	0.432535	0.120773
509551.469	6290324.516	2.67953	138.984	49.1493	43.7763	1.20162	0.283951	0.44404	0.130435
509571.469	6290324.516	3.06001	138.938	49.8552	43.8728	1.11618	0.298701	0.465693	0.126214
509591.469	6290324.516	2.63746	138.793	50.0705	43.7986	1.14811	0.298701	0.465693	0.127451
509611.469	6290324.516	2.59159	138.705	48.9731	44.9113	0.818366	0.291139	0.451672	0.127451
509631.469	6290324.516	2.11585	138.791	47.5463	44.1595	1.01831	0.253012	0.430507	0.133005
509651.469	6290324.516	2.33369	139.146	46.388	42.2668	1.77118	0.253012	0.430507	0.133005
509671.469	6290324.516	2.07081	139.524	44.6008	39.7216	2.15066	0.255814	0.417906	0.133005
509691.469	6290324.516	2.12583	139.89	43.2122	38.5292	2.06684	0.264368	0.405082	0.121951
509711.469	6290324.516	1.92297	139.736	43.6066	38.4825	2.51441	0.264368	0.405082	0.120773
509731.469	6290324.516	2.16496	139.344	44.748	39.7669	2.54876	0.27907	0.401014	0.12381
509751.469	6290324.516	2.95671	138.761	47.6167	43.0526	2.14257	0.309524	0.410823	0.134615
509771.469	6290324.516	3.2065	138.207	49.0352	44.1588	2.29437	0.309524	0.410823	0.134615
509791.469	6290324.516	4.08302	137.697	49.7783	44.3328	2.77734	0.348837	0.437741	0.134615
509811.469	6290324.516	4.82827	137.281	53.5579	50.5394	2.73687	0.391304	0.455349	0.135922
509831.469	6290324.516	5.18083	136.981	57.6934	52.9074	4.12854	0.391304	0.455349	0.123153
509851.469	6290324.516	5.00334	136.779	59.8677	53.7943	3.35763	0.495146	0.320136	0.128713
509871.469	6290324.516	5.67734	136.643	60.6266	54.2914	6.0228	0.6	0.204623	0.142857
509411.469	6290304.516	1.62732	138.721	53.0448	43.413	0.95582	0.403509	0.310533	0.133333
509431.469	6290304.516	1.88509	138.491	55.9998	47.3223	0.830643	0.405405	0.329704	0.134615
509451.469	6290304.516	2.47023	138.425	55.8761	47.4351	0.95744	0.425926	0.349917	0.138756
509471.469	6290304.516	2.76325	138.455	53.7769	45.4409	1.09502	0.425926	0.349917	0.142857
509491.469	6290304.516	3.0694	138.633	50.9947	44.5944	1.15376	0.417476	0.370881	0.144231
509511.469	6290304.516	2.72689	138.887	50.0503	43.354	1.03098	0.382979	0.378267	0.137255
509531.469	6290304.516	2.18691	139.122	50.0932	43.726	1.08453	0.382979	0.378267	0.126214
509551.469	6290304.516	2.55968	139.214	49.36	44.1544	1.05313	0.325843	0.402219	0.135922
509571.469	6290304.516	2.22875	139.158	49.0009	43.7738	0.923167	0.294118	0.436927	0.127451
509591.469	6290304.516	1.92131	139.027	49.6489	43.2997	0.970633	0.294118	0.436927	0.127451
509611.469	6290304.516	1.86924	138.987	48.84	43.7415	0.870747	0.247059	0.423815	0.128713
509631.469	6290304.516	1.96858	139.108	46.6717	42.6509	0.831959	0.241379	0.412115	0.127451
509651.469	6290304.516	2.148	139.497	45.9726	41.33	1.22903	0.241379	0.412115	0.127451
509671.469	6290304.516	1.76335	139.812	44.3049	39.206	1.42204	0.227273	0.413724	0.127451
509691.469	6290304.516	1.97276	140.041	43.1502	38.2668	1.6474	0.255814	0.410893	0.111111
509711.469	6290304.516	1.95902	139.807	42.8594	38.4143	1.72129	0.255814	0.410893	0.120773
509731.469	6290304.516	2.2482	139.316	45.1415	40.2297	1.64985	0.277108	0.414593	0.133333
509751.469	6290304.516	2.67341	138.743	48.4619	43.2482	1.34468	0.309524	0.426259	0.125
509771.469	6290304.516	3.00422	138.203	49.2671	43.3138	1.46994	0.309524	0.426259	0.134615
509791.469	6290304.516	3.60549	137.728	50.5835	44.4654	1.82075	0.341176	0.430441	0.129187
509811.469	6290304.516	4.41109	137.342	54.0686	49.8074	2.04303	0.377778	0.419917	0.135922
509831.469	6290304.516	4.61867	137.073	56.5139	51.0979	2.40503	0.377778	0.419917	0.127451
509851.469	6290304.516	4.22761	136.869	58.2593	50.9677	2.85401	0.48	0.278667	0.138614
509491.469	6290284.516	1.38395	139.009	49.0112	44.5901	1.23347	0.417476	0.370881	0.156398
509511.469	6290284.516	1.28866	139.228	48.5846	43.6912	0.985291	0.382979	0.378267	0.134615
509531.469	6290284.516	1.47643	139.346	49.0319	43.5663	0.97572	0.382979	0.378267	0.130435
509551.469	6290284.516	1.72266	139.472	49.6609	43.5087	0.930669	0.325843	0.402219	0.135922
509571.469	6290284.516	1.75816	139.409	49.2762	43.0322	0.916351	0.294118	0.436927	0.117647
509591.469	6290284.516	1.58768	139.278	49.8895	42.6078	0.949296	0.294118	0.436927	0.127451
509611.469	6290284.516	1.74885	139.287	50.0131	43.0668	0.924686	0.247059	0.423815	0.127451
509631.469	6290284.516	1.92235	139.442	48.1636	41.2553	0.934754	0.241379	0.412115	0.133005
509651.469	6290284.516	1.98883	139.843	46.086	40.2564	0.924207	0.241379	0.412115	0.133005
509671.469	6290284.516	1.4916	140.043	44.2955	38.8083	1.04136	0.227273	0.413724	0.121951
509691.469	6290284.516	2.23365	140.078	43.633	38.018	1.19889	0.255814	0.410893	0.121951
509711.469	6290284.516	2.05273	139.763	43.2738	38.2179	1.06653	0.255814	0.410893	0.125
509731.469	6290284.516	2.40811	139.214	45.6257	40.6417	1.13125	0.277108	0.414593	0.133333
509751.469	6290284.516	2.9566	138.637	48.7344	42.9652	1.18278	0.309524	0.426259	0.137441
509771.469	6290284.516	3.10536	138.135	48.9671	43.5285	1.24352	0.309524	0.426259	0.134615
509791.469	6290284.516	3.5726	137.7	51.0525	45.7288	1.64536	0.341176	0.430441	0.133333
509811.469	6290284.516	4.40145	137.378	53.3635	49.7476	1.72589	0.377778	0.419917	0.129187
509831.469	6290284.516	4.34997	137.161	54.0126	50.0007	1.482	0.377778	0.419917	0.131707
509851.469	6290284.516	4.31276	136.992	56.2469	49.8092	2.11118	0.48	0.278667	0.131707
509591.469	6290264.516	1.20003	139.658	47.035	42.092	1.05295	0.371429	0.31655	0.135922
509611.469	6290264.516	1.3404	139.703	47.6553	42.4187	1.03042	0.352941	0.323439	0.135922
509631.469	6290264.516	1.45394	139.81	48.6662	40.6671	1.26349	0.353535	0.339609	0.131707
509651.469	6290264.516	1.60075	140.096	46.8604	39.6569	1.70809	0.353535	0.339609	0.131707
509671.469	6290264.516	1.58292	140.218	44.864	38.7351	1.61904	0.319588	0.390275	0.120773
509691.469	6290264.516	2.0527	140.011	43.9918	37.862	1.59661	0.305263	0.408648	0.121951
509711.469	6290264.516	2.15738	139.605	43.7395	39.1031	1.43865	0.305263	0.408648	0.12381
509731.469	6290264.516	2.06714	138.991	46.6425	41.5151	1.13155	0.348315	0.430396	0.133333
509751.469	6290264.516	2.73281	138.434	49.4909	44.0449	1.09454	0.372093	0.445144	0.12381
509771.469	6290264.516	3.0286	137.991	51.2632	45.2206	1.27197	0.372093	0.445144	0.129187
509791.469	6290264.516	3.64896	137.636	52.6821	47.872	2.00193	0.386364	0.46504	0.138756
509811.469	6290264.516	4.30842	137.37	55.1368	50.6233	1.98585	0.419355	0.416203	0.129187
509831.469	6290264.516	3.76969	137.199	55.492	49.9248	1.61202	0.419355	0.416203	0.130435
509851.469	6290264.516	3.26236	137.085	58.3425	50.1946	1.96722	0.495146	0.265977	0.135922
509671.469	6290244.516	1.22978	140.323	47.4216	38.6356	1.1165	0.320755	0.31037	0.127962
509691.469	6290244.516	1.7803	139.909	46.4099	38.2063	1.46759	0.339623	0.329758	0.115385
509711.469	6290244.516	1.40808	139.344	47.0123	40.1745	1.65294	0.339623	0.329758	0.125
509731.469	6290244.516	1.87448	138.686	49.1979	43.0266	1.44903	0.384615	0.354941	0.134615
509751.469	6290244.516	2.87386	138.198	52.878	46.1534	1.3823	0.393939	0.378765	0.125
509771.469	6290244.516	3.4513	137.807	54.1856	47.764	1.66062	0.393939	0.378765	0.130435
509791.469	6290244.516	3.75545	137.521	54.8876	49.6142	1.64756	0.395833	0.390861	0.145631
509811.469	6290244.516	4.22554	137.29	56.5265	51.3899	1.74896	0.46	0.366218	0.131707
509831.469	6290244.516	3.80777	137.155	57.5529	51.475	1.69278	0.46	0.366218	0.131707
509851.469	6290244.516	2.80266	137.04	59.6582	51.2182	2.33189	0.535714	0.288117	0.130435
509751.469	6290224.516	2.06304	138.034	55.5205	48.4139	2.06447	0.393939	0.378765	0.138756
509771.469	6290224.516	2.36868	137.666	57.1915	49.8757	1.95896	0.393939	0.378765	0.145631
509791.469	6290224.516	3.28424	137.434	56.5295	50.3945	1.77766	0.395833	0.390861	0.141463
509811.469	6290224.516	3.45607	137.259	56.9284	51.8131	1.76012	0.46	0.366218	0.133005
509831.469	6290224.516	4.00026	137.071	59.6763	52.1802	1.76862	0.46	0.366218	0.133005
509851.469	6290224.516	2.36756	136.948	60.6035	52.0316	2.27918	0.535714	0.288117	0.131707
